/Dimension :

3
8 7 7 7 4 

/Code :

1.0 0.0 0.0 0.0 1.0 0.0 1.0 1.0 
0.0 1.0 0.0 0.0 1.0 1.0 0.0 1.0 
0.0 0.0 1.0 0.0 1.0 1.0 1.0 0.0 
0.0 0.0 0.0 1.0 0.0 1.0 1.0 1.0 

/Parameters :

-6.1423845 -2.081002 0.38238698 4.3271317 -1.2997599 -3.1539981 -2.2287817 
7.141869 3.8809464 2.326102 3.4825273 -0.7780528 -1.9852849 -3.262661 
3.6003778 -4.544845 -0.27964026 -5.535106 -1.4610522 -2.3306563 3.0761952 
-6.0986695 3.1596024 2.1761472 -6.1264467 -3.1147878 0.13812283 -3.5946646 
1.437213 2.1064575 5.0881505 5.6371775 -1.3693806 1.2026737 1.9966621 
2.9393394 -5.1418104 6.236366 1.2580336 -8.450203 2.7764468 3.2376387 
-0.20164578 3.49022 -7.714329 -3.1663618 3.7146642 -2.5134401 2.5409653 
-2.3648832 8.538699 1.2718306 -1.736277 4.3971624 -1.9150301 7.7852845 

-0.16162062 
-4.704014 
-4.7330346 
0.92066115 
4.1673546 
3.8893778 
-4.802383 

-8.578931 -3.3260183 0.31002638 -2.3698611 -2.9067569 0.867602 5.2156806 
3.6877735 3.873115 1.828035 11.172748 6.024881 3.7096944 11.990908 
-0.64988613 1.0585474 -9.565921 -0.9429729 1.7000246 -4.6469135 0.6148386 
9.140864 -6.7428865 5.955717 4.858651 -0.8060001 5.3155775 -4.735006 
-1.0883334 2.7931643 -1.8319396 -8.05444 2.866272 4.159517 -5.420103 
-5.369692 7.176404 9.45044 -0.099149086 -2.0876496 -1.4580277 -1.1881815 
-6.0002046 -7.7043347 2.8119645 -6.0002475 -2.5137274 -6.1925144 -5.962788 

4.4026446 
1.4295685 
-4.481728 
0.6458478 
-1.0904647 
-0.89692664 
-0.2703245 

-1.1723416 -5.608122 1.268679 4.9059153 4.9717426 0.1500878 1.8868496 
2.7010694 2.348999 -3.9415243 5.7332273 -1.5197467 2.2307193 -7.325298 
1.3872098 6.5224156 -0.018604027 -4.898671 -7.051783 3.7298849 -5.1388574 
-4.583149 -1.2556257 -4.013573 -0.36582065 9.713523 6.2504554 -2.9588287 
0.0872774 -6.427192 1.3564643 1.4771692 -0.105876185 -1.5232416 -8.72518 
-3.5921214 6.3424325 1.113165 -7.6927834 6.7067595 2.0931082 4.249944 
1.7356507 6.4592295 -9.428022 1.5351661 -2.877949 -1.6073189 7.274434 

1.7134444 
-4.0967813 
6.7711787 
-0.33215028 
-4.8932757 
-5.512296 
5.3565397 

-6.7947764 -6.4370513 2.97159 3.685799 
-10.19525 3.2794137 -6.2532063 -1.45917 
6.9566884 -11.746387 6.7019887 -10.023127 
2.4198906 -2.3471293 4.5277667 11.16808 
3.9713461 5.205451 -4.166156 2.213171 
1.8918532 0.93956023 -10.697155 -1.8202962 
8.16639 13.568283 10.489815 -8.73101 

-3.0400815 
-1.2130492 
-1.6195073 
2.3839288 
