/Dimension :

3
8 8 8 8 4 

/Code :

1.0 0.0 0.0 0.0 1.0 0.0 1.0 1.0 
0.0 1.0 0.0 0.0 1.0 1.0 0.0 1.0 
0.0 0.0 1.0 0.0 1.0 1.0 1.0 0.0 
0.0 0.0 0.0 1.0 0.0 1.0 1.0 1.0 

/Parameters :

-0.94195807 4.856348 -4.442328 -2.3147924 4.377532 -1.6574342 1.6088401 1.3234853 
3.4168806 5.1551127 3.3054287 -0.7437433 -3.4756804 -1.2461345 -0.93451256 -3.511958 
-0.044179197 -4.919587 -0.033678275 -3.3890746 -2.6642282 0.83594507 2.8694408 -3.3504744 
0.53525376 -4.817319 -2.8878963 3.2468004 3.451402 -4.7184486 -2.1072214 -3.452616 
4.1786156 1.862524 -2.822929 -0.94098747 -2.03196 5.185246 2.5614657 2.0599542 
2.89589 -1.5893595 5.078743 2.745613 -0.38298866 -3.1719074 1.4064159 5.4371214 
-3.3407407 -1.819982 2.923203 -4.619032 1.9715368 -1.1105566 -1.7816602 0.9666046 
-1.2309191 1.5904543 -0.020693397 0.31164998 1.3993486 0.18324141 1.8871839 -0.18853936 

-2.734259 
-0.15923949 
-0.4894615 
2.7524374 
-1.3378804 
2.7929213 
-2.711607 
0.2958896 

-1.339632 1.7092044 0.870182 -4.1569257 3.8416903 5.3114867 -2.3850951 3.3231518 
2.9992607 2.6233742 5.3811197 -0.14624083 1.8993435 1.3141779 -1.4610707 -8.051196 
2.473913 5.7618613 -4.3748026 0.5468402 0.4234155 -4.1998825 -5.8054056 -2.7340527 
-6.4669685 2.1571326 0.17692766 2.7728055 0.8245879 1.0119165 2.608515 2.7482886 
1.6700518 -2.6620317 -1.7344009 -4.8983555 -2.7527707 0.06040375 6.0182433 2.0881615 
-3.7131188 -2.5869162 -3.573963 0.16765207 0.9096522 -5.6601677 -0.9753672 -2.1996064 
3.50587 -4.489196 0.307975 3.7397456 1.217569 3.6078463 -0.17518294 3.0502427 
-1.81293 -2.9842494 5.8598194 0.93376464 -8.55601 -0.84276354 1.3196201 3.4875157 

1.018269 
0.1993323 
-1.4165508 
0.40410954 
1.0839372 
-0.44353336 
0.5717981 
-0.89591694 

-3.9330232 10.289471 3.7648945 0.50818926 0.12844136 -5.6943393 -2.3852448 1.1648709 
-1.303949 -0.08003102 -6.963645 7.599872 -0.09674591 4.6728473 1.8513072 2.2259114 
-2.010897 0.0015227135 -8.587436 1.4450688 3.7419643 -5.1847863 4.600061 3.3761148 
-4.4786706 -3.6852908 4.002275 -3.3991168 6.4990797 2.3541176 3.656833 -1.7417722 
8.254494 0.1748335 3.2197244 4.506562 -4.8554225 4.410697 4.275381 -9.287158 
-4.3323817 5.683315 2.36009 3.7406757 -4.808529 -4.5242586 -2.8355691 1.618706 
7.687403 -1.289269 -5.43902 -6.1403227 -3.5407865 -3.386971 -0.66343075 6.980086 
1.0127776 -4.287442 3.0857396 -5.1393857 -5.565249 5.5108333 -11.678827 -1.9452934 

-0.67801905 
-2.8501692 
2.5134723 
-1.4613246 
4.266494 
0.6714578 
1.1336577 
-1.2103798 

-5.5837502 -12.7955065 -7.09543 9.944201 
11.086586 9.646148 11.375544 7.9745083 
1.9901285 -0.81859463 15.217911 -8.100109 
3.1137204 18.189386 -1.637082 4.2080274 
-8.915088 -12.507484 -4.244139 -14.854254 
-13.128263 2.062611 -4.744616 8.237819 
-2.6519358 0.65883124 -9.6237335 -8.452858 
7.9993424 -1.7345574 -6.6036825 0.12139266 

2.7870126 
-1.5010793 
3.5417705 
0.26514542 
