/Dimension :

4
8 5 5 5 5 4 

/Code :

1.0 0.0 0.0 0.0 1.0 0.0 1.0 1.0 
0.0 1.0 0.0 0.0 1.0 1.0 0.0 1.0 
0.0 0.0 1.0 0.0 1.0 1.0 1.0 0.0 
0.0 0.0 0.0 1.0 0.0 1.0 1.0 1.0 

/Parameters :

3.5225844 0.6764322 -19.575933 -2.0884027 1.3070378 
2.7398016 -5.353004 -4.976578 -6.7809834 -0.9017887 
-3.3397887 0.43379545 2.1132495 -2.4743564 1.3612137 
2.6567965 -2.0284977 4.578841 1.4809635 -4.170469 
0.38172847 1.3596371 -1.5253397 1.9274483 0.29979432 
0.21661793 0.16347793 0.8273236 0.30930007 0.41698602 
-0.82722694 -2.981955 -1.242979 1.1551433 1.587205 
-1.1500357 -2.1937616 -1.8183461 -1.7361459 -0.20150179 

-2.0384154 
5.0176644 
-4.754689 
4.365725 
0.3593161 

3.0741363 -6.5648546 1.0120546 -3.8403301 1.6349778 
-0.36691508 1.5472502 -3.1323044 4.0066943 -3.6169095 
6.2420373 -5.26896 3.9607525 2.412614 9.497942 
-6.475603 1.2713127 -2.2017486 -3.881525 5.6680865 
1.8998774 -2.4600222 -3.0999413 2.481546 -2.963531 

1.2059274 
2.7026935 
2.329299 
0.5495747 
-0.23995061 

-3.4963868 -0.96047074 3.4049323 4.476954 12.233849 
0.63670534 4.840144 -3.1394315 -12.954012 -7.287299 
-0.1856379 -2.0727909 -2.8075168 -0.9266759 11.631565 
-3.5555382 4.662154 1.9607252 -3.6202106 -3.6742945 
6.7749267 -5.515255 -0.77548105 -2.527579 -3.6336672 

-0.47448075 
-0.9038262 
0.24793822 
0.8309324 
-2.1416216 

1.4698988 26.801865 -8.61939 -2.7650802 -11.592766 
4.180102 -7.0240674 8.829515 17.702763 -2.3382943 
-10.328009 -4.7118406 7.842871 -0.6276827 0.8497899 
-8.300772 9.074948 -2.7944016 -5.5598726 11.185868 
10.635377 -12.958102 -4.2403083 -5.28787 22.931463 

-2.1420963 
-3.426987 
-0.58354545 
-1.584487 
-7.2080183 

-39.184273 0.07602505 -1.6452738 9.891179 
-3.8768594 0.39305663 -7.316535 6.0993032 
-14.902194 0.2014587 -17.233883 -12.629431 
13.6168375 0.10439291 15.5274725 -6.4664226 
2.5469077 4.6277423 1.1465344 1.4595448 

9.416721 
-2.7025785 
4.431132 
2.530931 
