/Dimension :

4
8 6 6 6 6 4 

/Code :

1.0 0.0 0.0 0.0 1.0 0.0 1.0 1.0 
0.0 1.0 0.0 0.0 1.0 1.0 0.0 1.0 
0.0 0.0 1.0 0.0 1.0 1.0 1.0 0.0 
0.0 0.0 0.0 1.0 0.0 1.0 1.0 1.0 

/Parameters :

0.34963912 5.128122 6.3195076 2.6015918 2.7912722 -2.921907 
-0.2536116 3.9096944 -4.6889567 -6.3248167 -4.4432344 0.3396562 
1.9101899 -4.2792616 -1.7797908 -1.2573339 4.3016086 2.5874472 
1.018252 -4.718881 4.5340395 1.063777 -2.6011379 -4.967691 
-0.93363374 0.6859695 -10.570067 -2.6866558 3.1723876 -6.2952113 
-0.3183271 2.2772105 5.869894 -2.7651515 -1.3839992 4.4202456 
-1.8588294 -3.7479687 -2.9073393 -1.5213625 -0.76470697 -0.29345524 
0.8685574 2.5093486 -2.3429947 4.894052 -1.1398091 -0.34787455 

-0.43807438 
-0.86854774 
2.7725112 
2.9939659 
0.030644163 
3.7416866 

1.2890232 1.5113491 7.0658083 3.6935298 -1.700595 -6.0697503 
0.27626744 -4.4687448 -1.8380637 2.7781835 9.899002 -0.24868636 
1.7903857 8.068759 -7.9081717 4.679489 1.0730888 4.9930744 
-4.2913256 -5.460024 -7.852305 -0.92658454 -5.042077 -5.509876 
2.5763292 0.02277885 -0.2549027 6.9139895 2.6293128 8.953621 
6.2910004 -5.5607886 2.7338846 -8.396651 -10.51436 -1.205454 

-3.946639 
2.9741192 
4.0962596 
-4.3279676 
1.8021232 
-0.49534994 

2.480542 -2.8585732 3.8599763 -4.701262 -1.586103 2.1995072 
-3.0387607 -1.332831 4.7480583 7.3106265 3.366055 -2.843743 
4.5231447 -5.227983 -4.001208 -5.730855 3.994374 -8.19222 
5.6089525 5.0137134 -12.179214 7.213385 -0.424611 1.85018 
-5.2790976 -6.278642 8.092459 -3.9867158 -8.110677 1.9467161 
-1.2049546 -6.4405103 -4.9993663 -6.065628 -1.1977 3.9483209 

-1.5451549 
-2.9446118 
2.2575521 
2.9851422 
1.9777989 
0.5710994 

8.426848 -1.0695182 9.331012 -1.0329112 -6.7487693 8.531146 
-0.6103553 6.579985 0.3054381 7.424297 -1.5251336 -9.330069 
-1.0182772 2.904849 -6.6654263 -8.132572 12.815922 8.278565 
-9.81312 -6.5684586 -7.993821 10.683224 -2.5797217 -2.280284 
-8.805013 13.492721 8.711171 9.064458 -10.17802 -6.888338 
9.156678 -7.140694 1.3768661 2.1635478 2.2791703 -7.4479012 

1.0212318 
-0.87567484 
-2.441142 
-6.3762875 
2.1676462 
-0.04072483 

-3.1352115 -10.379553 -9.966264 -26.545465 
-21.145302 -10.150261 -13.056867 -13.022283 
-6.022493 -11.397056 11.259461 11.05258 
10.983772 -5.613892 2.8690543 9.518572 
-3.226524 -7.0515156 -12.889203 15.860339 
13.179875 21.709711 16.343773 10.1577635 

4.585288 
11.3469305 
2.7085009 
-3.4601643 
