/Dimension :

5
8 3 3 3 3 3 4 

/Code :

1.0 0.0 0.0 0.0 1.0 0.0 1.0 1.0 
0.0 1.0 0.0 0.0 1.0 1.0 0.0 1.0 
0.0 0.0 1.0 0.0 1.0 1.0 1.0 0.0 
0.0 0.0 0.0 1.0 0.0 1.0 1.0 1.0 

/Parameters :

-5.8645654 4.9664297 2.7551084 
2.2473109 20.310194 -2.6234183 
-0.65787774 1.3507499 0.28448156 
2.357443 -3.5231223 4.2069006 
1.0848212 0.010964731 0.68856657 
0.7740706 -0.21928425 0.5001218 
-0.5868632 1.8591897 0.3889327 
1.8607975 1.1155852 0.7756918 

0.69565487 
-4.134564 
-2.067774 

4.8313804 -1.7965456 6.063215 
3.2060711 -2.1855803 -2.754444 
-3.1125348 4.9442387 -5.2515335 

-0.6016668 
-1.1724486 
0.9221898 

5.1210065 -3.2467253 -4.7254934 
-3.1971798 6.8202257 3.3658519 
-6.2516246 -6.793756 -1.9127183 

-0.24186985 
1.6948128 
-0.4319323 

-8.681389 -2.3504496 2.6935916 
0.52046746 -9.360892 -11.331529 
3.500299 -4.6569943 -6.6119633 

1.4883378 
3.6978395 
3.1131866 

15.449651 -8.90754 -3.3200293 
-0.39438763 -12.2154045 4.0025992 
-3.0494916 -1.6907223 11.022243 

-2.364016 
7.0551176 
-5.0977674 

0.70644945 -16.180515 -0.13006741 -7.567248 
52.18138 1.2673397 0.14977223 -8.078282 
0.83291775 10.561271 -0.11434545 -9.793722 

-3.723459 
2.5318391 
0.075311765 
11.920651 
