/Dimension :

5
8 5 5 5 5 5 4 

/Code :

1.0 0.0 0.0 0.0 1.0 0.0 1.0 1.0 
0.0 1.0 0.0 0.0 1.0 1.0 0.0 1.0 
0.0 0.0 1.0 0.0 1.0 1.0 1.0 0.0 
0.0 0.0 0.0 1.0 0.0 1.0 1.0 1.0 

/Parameters :

-6.349663 -3.388769 -1.5627426 3.3505678 6.1992774 
-3.5834608 3.6191742 -2.8694131 -4.246817 -1.0132004 
-1.9063746 1.5577149 -2.2772067 4.3423886 -3.8966262 
2.9003096 -2.600905 -3.3021564 -2.8154068 0.9887716 
1.6681803 0.19845878 0.9341996 1.1464428 -0.9345868 
3.521118 1.6249591 0.6487324 0.36752146 1.1126063 
-0.77269274 -0.0588857 0.19235016 1.0485386 1.8262471 
-5.166352 -1.1553369 1.2788507 -2.978906 0.85174674 

4.7832584 
0.26426393 
3.4457884 
-0.20814106 
-2.4529686 

-2.0030024 -6.1104913 -1.8164991 0.76887196 -6.0715857 
1.4077194 1.8924937 -2.6946673 -5.9051275 3.117804 
1.9591941 2.223766 -3.7451901 -1.168789 -6.364546 
-4.443131 5.19599 0.47059047 -2.3806765 2.2190466 
-0.7987069 0.087872386 3.161148 6.7981772 1.7434688 

1.7609428 
-1.6290917 
1.960816 
0.92661357 
2.5214508 

-5.867887 1.7821825 5.199868 -0.8921272 4.4313903 
-1.7979035 5.1359887 -6.386516 2.9352355 3.5227976 
0.06857762 -1.7478321 -3.4127626 -1.056727 -7.1968393 
1.5671428 -3.3302772 3.864031 4.905365 -3.7608545 
0.19088286 -1.8959323 -2.1095045 -7.949627 -4.7117286 

2.7614665 
-0.06227355 
1.4879978 
0.9225356 
3.1411657 

-2.0770931 2.8330615 -7.436044 6.8798914 -1.5427611 
5.91799 0.7504099 4.28116 -4.8566685 -5.699043 
-1.9339653 -0.21697105 -0.95380014 3.7532575 7.062976 
0.23883563 -1.107362 -7.6720576 -7.8805165 -1.0668234 
2.6839528 -11.6740885 -0.39159507 -0.46622306 1.9102721 

-2.3657491 
4.428133 
5.8232007 
1.3703291 
-0.39944896 

-4.7773786 -6.3738837 1.6534418 -6.6879582 -10.167737 
-4.4476857 -4.9716125 1.7210197 -5.0311604 6.9560375 
-2.9932754 -2.3126493 2.9615662 15.832051 -4.5491176 
-6.964985 11.848868 5.004917 7.0225267 -4.5545325 
4.004309 5.3689237 -6.671055 2.5495658 12.037914 

7.5812182 
-1.7152871 
-2.2708611 
-6.6736717 
0.41089377 

-16.505219 -10.825614 -8.23314 -1.707025 
-9.850752 3.1416311 1.957233 15.501003 
5.3998003 -3.9817283 13.28879 -11.489948 
-11.606629 15.517568 -5.4304347 2.000148 
13.763768 0.6220896 -9.291306 1.2270602 

9.348398 
-2.2763062 
3.306447 
-2.6630268 
