/Dimension :

6
8 3 3 3 3 3 3 4 

/Code :

1.0 0.0 0.0 0.0 1.0 0.0 1.0 1.0 
0.0 1.0 0.0 0.0 1.0 1.0 0.0 1.0 
0.0 0.0 1.0 0.0 1.0 1.0 1.0 0.0 
0.0 0.0 0.0 1.0 0.0 1.0 1.0 1.0 

/Parameters :

-4.723015 -3.7403822 0.16305275 
2.5043244 -7.030407 15.597621 
0.48536047 -5.878615 -0.6407709 
-2.7913382 -3.5492647 -1.9707382 
0.48272938 -3.868333 -0.3803175 
0.45034716 -2.0060437 0.058543462 
0.470771 0.12309687 0.33577698 
-0.1619736 -1.9047496 -0.5811058 

-0.53962123 
4.5871296 
1.0585202 

4.0574503 3.796567 -2.9574597 
6.8486648 1.3362604 -11.027464 
-3.8636467 4.258575 -0.13503619 

-1.1052217 
-4.515034 
1.5393592 

3.624317 -7.7611 -0.98901814 
2.5162408 2.107066 -6.654672 
-3.751419 1.2125224 2.1265047 

-2.127335 
-0.64689547 
1.4262044 

-3.5508795 3.4333897 3.6385417 
6.08166 -1.9211994 1.9610779 
-3.7409644 -13.235708 -6.6051803 

0.26445252 
-0.06421594 
0.2545611 

-2.0694144 -12.347206 -3.7176564 
7.936835 4.155385 4.864683 
7.4102135 -0.49274468 -0.0008770274 

-2.9010231 
2.2661579 
1.7594805 

-25.76131 11.299667 6.089094 
21.022202 7.6462417 -3.644178 
-3.1700602 4.1795077 -7.3852286 

1.3810323 
-8.063361 
0.733226 

3.27983 -5.9940577 0.5532274 16.858452 
-17.891565 -0.76104224 0.20072871 5.297754 
9.166075 21.040098 0.4258398 8.694473 

5.5217843 
-3.6064725 
-0.4408981 
-10.935006 
