/Dimension :

3
8 6 5 7 4 

/Code :

1.0 0.0 0.0 0.0 1.0 0.0 1.0 1.0 
0.0 1.0 0.0 0.0 1.0 1.0 0.0 1.0 
0.0 0.0 1.0 0.0 1.0 1.0 1.0 0.0 
0.0 0.0 0.0 1.0 0.0 1.0 1.0 1.0 

/Parameters :

4.964439 -9.371527 7.23173 -7.317566 -5.7212124 -0.5693947 
-6.142485 5.6046295 1.920228 -1.1057858 -3.4813602 -4.0590234 
-8.45919 -1.893119 3.3114588 3.3553076 -5.795279 2.3837605 
4.1543117 3.9543772 -5.5583572 -3.2936919 -8.330382 -3.9447525 
-0.039781567 -7.219149 -0.013701154 -4.9900184 -1.0953361 -0.12524112 
-0.24004333 -1.2592994 -7.813543 5.6608644 2.3143003 -4.243614 
0.6841983 0.04041372 3.0315669 -0.4786061 5.6837144 0.20367227 
5.5770526 5.4967384 3.8027136 4.157923 3.9765358 0.9802133 

-0.24982671 
2.3228474 
-2.9556355 
2.0042818 
6.224826 
4.6871457 

7.379181 5.3278728 -6.349189 2.1018324 -8.841635 
7.036058 10.261726 8.885148 -7.8102765 8.428735 
-5.478396 -5.574513 12.344921 0.8999454 -5.9768844 
-8.384824 -10.271067 1.1675736 4.282877 0.38346338 
4.6394396 -3.695401 -7.5268674 9.544698 8.481513 
-7.582562 3.2152932 -9.223871 2.921784 -0.21341607 

1.1940969 
0.36850744 
0.35123008 
-5.97561 
-1.1314119 

-6.2588305 -1.7148774 13.487992 -3.7878768 -12.3311615 -16.827839 -13.482335 
-10.952468 15.350964 9.004322 -3.3030188 8.526556 20.82661 3.0855484 
-2.0146818 -17.772463 -5.4803257 14.675471 -4.955187 -21.711357 -8.916636 
10.448062 -2.0336378 -1.3076811 -5.999348 5.5836368 3.310124 -6.7626133 
4.4492083 -1.927805 -2.7961512 -13.223125 15.078916 -1.9467703 8.703678 

2.1743472 
4.04879 
-6.453904 
5.8086967 
-5.9372053 
8.137779 
8.677962 

7.005138 -1.0125388 -17.588394 -15.852451 
24.857973 -5.600214 2.4474108 -24.131939 
-20.17079 6.939869 -20.523314 9.894335 
12.773498 12.151144 19.06629 9.990864 
-12.718377 12.697354 8.761511 17.278564 
-0.20469132 -11.786849 11.6645775 23.191223 
-15.462476 -21.355621 9.788074 -16.724167 

1.9573133 
3.967203 
-6.773293 
-1.820221 
