/Dimension :

3
8 7 5 8 4 

/Code :

1.0 0.0 0.0 0.0 1.0 0.0 1.0 1.0 
0.0 1.0 0.0 0.0 1.0 1.0 0.0 1.0 
0.0 0.0 1.0 0.0 1.0 1.0 1.0 0.0 
0.0 0.0 0.0 1.0 0.0 1.0 1.0 1.0 

/Parameters :

-2.5252657 -5.558477 -3.7258174 0.89190155 6.9740496 -4.374049 4.1103344 
9.79915 3.5169926 -7.928707 9.705554 -6.999392 -5.1427193 -4.9407024 
-8.847903 -6.2949395 2.781329 4.087079 -2.9592726 5.9776096 -5.39265 
-5.9943495 2.518103 7.4402766 3.8090487 5.0919642 -3.4517221 -5.972078 
-9.092758 -7.008376 -1.6981231 -4.786207 -0.67308867 -0.119409055 1.9249436 
-0.86457324 -7.855906 5.2751646 -6.4903584 -3.9495742 -6.58302 -2.987845 
-1.672683 3.00046 -2.214953 0.3899647 -1.4704261 2.6843252 3.0792608 
5.202354 1.0981534 -8.548847 1.9917828 6.223243 -1.5524126 -9.194181 

7.001353 
8.288078 
4.3015633 
-4.7994003 
-1.1192714 
6.2820287 
9.683755 

-6.0727005 -3.4985693 -1.4494312 1.7548119 -9.204523 
-7.5143137 -3.1693714 -4.596792 -5.676578 0.16307436 
-4.3255143 6.1407905 -3.8034582 0.20648596 2.9523976 
6.6520596 -4.237591 2.8532093 1.0490569 7.311483 
4.41119 5.4333506 1.8729312 -5.14039 3.3147464 
1.6346804 10.084954 -10.203517 3.1865635 -5.132229 
4.8079596 0.49173182 4.6010118 -5.203991 -3.4038143 

0.20844528 
-5.6292458 
5.3496685 
4.8987617 
1.9970953 

0.2117604 -5.0593143 -15.953907 -0.36621064 -3.0647008 -6.0726523 -7.6073375 9.462597 
-10.285729 5.2229643 -4.797034 0.7824407 -4.174722 -5.0893083 -0.3823919 4.8300896 
2.5292442 16.10643 4.898992 -3.432679 3.5978892 7.9019003 -7.3094063 5.202254 
-11.192175 0.6782387 -7.1465406 4.539698 7.299528 10.525034 8.5551815 -13.4414625 
11.959842 -13.782482 10.525819 7.9752393 -5.6599197 0.57895124 1.8887055 1.9395144 

3.36104 
-1.5441937 
6.2337384 
-4.6847963 
0.9947327 
-3.873355 
2.4054217 
-3.98457 

2.4684145 -9.693905 7.4624443 8.777922 
11.947019 -13.6913395 -12.416444 -17.18765 
-18.079435 7.5376253 -22.35425 16.468554 
-1.3169614 -4.409173 8.35719 8.620016 
0.38737848 4.837998 6.286945 -4.7910123 
8.4496565 15.75273 0.73232526 -5.3333874 
-12.710151 -6.037205 7.227678 2.426693 
8.640555 8.400046 6.4973736 -2.1494327 

0.05572887 
-1.3454591 
-0.92034274 
-3.3685656 
