/Dimension :

3
8 6 6 6 4 

/Code :

1.0 0.0 0.0 0.0 1.0 0.0 1.0 1.0 
0.0 1.0 0.0 0.0 1.0 1.0 0.0 1.0 
0.0 0.0 1.0 0.0 1.0 1.0 1.0 0.0 
0.0 0.0 0.0 1.0 0.0 1.0 1.0 1.0 

/Parameters :

5.5546966 -0.13960008 2.4145894 3.2069347 -3.501523 -2.0989923 
-6.2093215 3.403513 2.6860301 5.308541 2.1747792 0.051843427 
6.0061507 5.2431083 1.4343206 -5.430623 2.558569 -3.7172976 
-5.0678353 0.5424179 -6.5639505 -4.747168 -5.4957128 -2.2574537 
2.1616118 4.768912 4.1925817 2.0631316 -0.7726514 6.314749 
-1.9497241 -1.574738 3.8632824 -2.9839888 2.8616796 -0.7043727 
0.32196656 3.4071767 1.3746144 -1.2772517 -3.1086519 0.88047016 
-2.1529236 -6.2649455 -0.33126727 -0.31904262 -0.9402976 -0.5884911 

0.65629494 
-4.736568 
-4.6261344 
2.104674 
3.116136 
1.0749968 

3.8720658 1.8333513 -8.166734 -2.09614 2.6311717 -2.1872876 
-1.3261704 5.399864 0.6428984 0.78674316 -3.670424 7.776321 
-6.787747 3.9330518 -7.004917 0.6077289 4.3517175 -2.672485 
-3.6105685 -3.420863 3.5448875 -0.5434744 0.108967096 -10.273687 
6.1160536 3.6277585 4.322017 -6.4221573 2.4611018 -0.7276733 
-0.37579575 -6.918444 2.190373 -2.1001873 5.5089226 5.0421124 

0.9675077 
-2.1130884 
2.2901587 
5.032709 
-5.64392 
1.5532105 

-0.12237382 3.6226726 -4.658206 -8.60905 -8.878039 -9.905158 
-11.821664 6.4230413 5.615938 5.940405 -9.157619 5.3900948 
0.45011458 -10.503612 -10.822359 -3.7475553 7.187908 9.436001 
-5.4897323 -8.746459 4.450535 13.153974 7.6234922 0.62349015 
-2.7420797 11.237738 7.8894486 2.4211218 2.178829 -4.4254093 
9.499551 -8.434669 -2.5239987 -13.553868 -0.7009512 -4.0389967 

5.1442065 
3.442854 
0.21324717 
1.9998703 
0.92439955 
1.2920351 

-9.620285 -23.452091 -3.2024524 24.638351 
-11.006206 8.008168 -12.601808 -24.837288 
9.0437 -5.562285 8.601448 8.26179 
19.852165 -8.5394125 -5.2412405 6.2102504 
15.728817 -3.146884 -12.848526 -3.7214525 
-19.067322 31.224754 1.9286352 -3.7454374 

-2.6648285 
0.60890424 
11.67748 
-3.148271 
