/Dimension :

3
8 7 7 7 4 

/Code :

1.0 0.0 0.0 0.0 1.0 0.0 1.0 1.0 
0.0 1.0 0.0 0.0 1.0 1.0 0.0 1.0 
0.0 0.0 1.0 0.0 1.0 1.0 1.0 0.0 
0.0 0.0 0.0 1.0 0.0 1.0 1.0 1.0 

/Parameters :

-4.2555118 1.9134614 -2.6947012 3.6104581 2.3866863 -3.734436 0.413926 
-4.6232557 3.505178 0.10577079 -2.7929535 -4.4228225 5.929516 1.7448739 
2.437663 3.8566031 2.683584 2.9023595 -5.0684943 -3.0887487 -1.403348 
3.5269704 -2.5595393 -2.6456347 4.3326564 -3.3344576 4.5846505 2.74491 
0.12799491 -4.52284 5.280683 0.111390896 -0.51663077 -6.3443017 2.4969413 
6.892369 1.6765101 -6.3460107 -0.74003243 6.1628094 -0.6834279 0.27426445 
-4.270207 -0.58908516 2.5366008 -4.427798 2.4316905 3.659782 -4.6715956 
-0.2573991 -0.09549417 -1.1299789 -0.7213402 -0.5721499 -0.04974267 -0.31961876 

0.13935359 
-1.6066895 
0.9637723 
-1.2372019 
1.4102613 
0.03903916 
-0.70162326 

5.7661233 8.5516205 -0.63229114 -1.7362005 0.80200416 -1.8117877 -2.572246 
-3.9025931 0.9622078 2.0605242 1.4866188 -5.4333224 -2.7942736 8.6149645 
3.47503 -0.11673699 1.8110752 -0.832563 -5.3946996 -6.030123 -2.6539986 
-0.9506761 1.101607 -5.0726895 -1.0570232 3.999211 -2.0846455 0.019162413 
-0.6998622 -5.6926756 -1.2035028 6.431867 -3.607202 2.14689 -4.713006 
1.5755653 0.6461167 -0.5652246 -3.6243947 6.2469144 5.5620337 -1.3086504 
-0.95989424 -5.4612174 4.8406086 -1.9538374 0.7100458 4.872872 2.9720216 

-2.191609 
-0.2878112 
-0.84716165 
0.96358615 
1.0681527 
-0.03749912 
-0.6344429 

3.1132925 -1.4813567 -2.4400613 -1.0384269 -7.632361 -1.1112548 -0.8506411 
6.5842896 -3.9660056 -1.4240186 0.90941256 -1.7037627 0.41786402 -9.174803 
2.1471667 7.7643113 0.5662674 -0.39611197 1.1940372 -1.3113049 -1.0043402 
-3.2862253 -4.9897957 5.6731114 -9.786562 2.6783473 5.736872 2.1756034 
-8.342323 -2.6732302 -8.409248 7.201299 3.595587 5.16315 1.7326503 
4.4211187 6.8830504 -2.4511957 5.2950544 -1.6469055 -8.209111 11.019307 
0.45133114 6.2688627 7.357188 -4.18587 4.013341 -5.9880676 -6.6294475 

-2.4872177 
-1.9643176 
-0.0055402727 
1.2747984 
-0.582082 
1.262941 
1.1423304 

-21.512291 -2.71199 3.1411407 -13.738975 
0.56781846 18.959984 1.1221275 4.8172827 
2.7730422 -7.63845 -7.332699 -10.9802 
-0.42360705 -5.8504624 2.758112 11.622965 
13.947564 -0.7317935 15.19584 3.3422897 
10.237583 -4.009198 13.935199 10.5148735 
-5.5943666 -1.9213359 -22.994759 -7.984677 

0.36230356 
-3.438224 
-2.1063964 
1.2600186 
