/Dimension :

4
15 10 10 10 10 11 

/Code :

1.0 0.0 0.0 0.0 0.0 0.0 0.0 0.0 0.0 0.0 0.0 1.0 1.0 0.0 0.0 
0.0 1.0 0.0 0.0 0.0 0.0 0.0 0.0 0.0 0.0 0.0 0.0 1.0 1.0 0.0 
0.0 0.0 1.0 0.0 0.0 0.0 0.0 0.0 0.0 0.0 0.0 0.0 0.0 1.0 1.0 
0.0 0.0 0.0 1.0 0.0 0.0 0.0 0.0 0.0 0.0 0.0 1.0 1.0 0.0 1.0 
0.0 0.0 0.0 0.0 1.0 0.0 0.0 0.0 0.0 0.0 0.0 1.0 0.0 1.0 0.0 
0.0 0.0 0.0 0.0 0.0 1.0 0.0 0.0 0.0 0.0 0.0 0.0 1.0 0.0 1.0 
0.0 0.0 0.0 0.0 0.0 0.0 1.0 0.0 0.0 0.0 0.0 1.0 1.0 1.0 0.0 
0.0 0.0 0.0 0.0 0.0 0.0 0.0 1.0 0.0 0.0 0.0 0.0 1.0 1.0 1.0 
0.0 0.0 0.0 0.0 0.0 0.0 0.0 0.0 1.0 0.0 0.0 1.0 1.0 1.0 1.0 
0.0 0.0 0.0 0.0 0.0 0.0 0.0 0.0 0.0 1.0 0.0 1.0 0.0 1.0 1.0 
0.0 0.0 0.0 0.0 0.0 0.0 0.0 0.0 0.0 0.0 1.0 1.0 0.0 0.0 1.0 

/Parameters :

0.049364332 -0.11862256 -0.11774319 0.0910507 -0.014036677 -0.111164466 -1.1827388 -0.081332415 -0.1627929 -0.11481668 
-0.34464318 0.7562371 -0.4030357 -0.36242282 0.23469982 0.6480806 -0.15869239 -0.0019333932 0.7259135 0.022357251 
0.080239035 -0.02420252 -0.2791795 0.23940016 -0.85419095 0.3064169 1.2653121 -1.2655493 -0.1120044 -2.2797878 
0.23426752 -0.66709983 -0.74849874 1.0794262 0.08702141 -0.38741672 -0.18397602 0.115597904 1.040442 0.12591897 
-0.21071061 0.031941816 1.2996097 0.953457 -0.1502531 1.0430237 0.0070778877 -0.15594399 -0.009686595 -0.01443741 
0.06473523 0.5487648 1.0348854 -0.09783527 -0.061768204 -0.7212361 -0.08611531 -0.04098487 0.5383542 0.03617958 
-0.037728127 0.13456452 0.13285486 -0.1359315 0.14943823 -0.12339334 -0.1505904 0.27396524 0.058005188 -2.2080276 
-0.22666791 -0.83082235 0.7178711 -0.808705 0.13655291 0.40617687 -0.15403463 -0.023472322 0.8440716 -0.05113007 
-0.16815063 0.17536347 0.1539428 -0.21003792 0.7897247 -0.15007924 0.068466395 -0.80402833 0.118629776 -0.26842752 
1.5104561 -1.3732681 -1.2372423 3.593168 -1.5344341 0.981026 0.15162525 -0.2948645 -1.2678634 0.18878508 
1.0168623 -0.15521534 -0.121307835 0.19806415 0.29168737 0.3807065 -0.123604916 0.4016393 -0.029845871 0.22015664 
0.00016390043 4.968373e-05 0.00085685006 -0.012338751 -0.0009738577 -0.0020127713 -0.0018379802 0.0018429972 0.00063700764 -0.01584037 
-0.0020614502 -0.0043066135 -0.0005017405 0.0065440917 -0.0091309985 -0.0001466322 -0.0059030773 0.00327015 0.0013109606 -0.00826238 
-0.0017735823 0.003365232 -0.0010839863 0.0030889763 -0.0035054511 0.0008342477 0.0018685675 0.0019163133 -0.007902843 -0.01373283 
0.0030402564 -0.004926801 0.0024509556 0.0017635658 -0.0069833435 -0.014824826 -0.012403553 -0.0059036 0.0018382751 0.002227956 

-0.93107253 
0.74485445 
-0.24561888 
-2.2625477 
0.45040485 
-1.10378 
0.25986075 
0.91604 
-0.89974403 
2.1469312 

-1.6309458 0.27946678 -0.32879803 0.6957649 -1.3544427 1.1144665 1.4836688 -1.3573321 -0.4792466 -2.0075846 
1.3256351 -0.7743997 0.70546466 -0.023121724 -0.63898087 0.7975226 1.2614805 -0.79827183 2.0824158 0.5683618 
0.56570023 -2.2466538 -0.7671029 0.20752744 0.017183846 -0.6422247 0.35533425 0.5130112 -1.4083475 -0.4456865 
-0.47449705 -0.41285855 -1.6836785 -3.3063698 -1.4979085 0.24750744 -0.7366455 -0.9782864 -1.4619342 -0.74410343 
0.05026206 0.48455873 1.0698905 -0.47653335 -0.24823809 -1.9233575 1.738135 1.1845616 -0.09843207 1.9827951 
-1.0660807 -1.3789117 1.9108492 -0.7013456 -0.5019622 -0.9517447 -1.033805 -0.013003207 -0.7818901 -1.5609115 
0.4286517 0.2941996 -0.06775858 -0.6891261 2.4336452 -0.26240852 1.3004495 -0.36729708 -0.3326678 0.13197683 
1.5850835 1.04844 -0.25215995 -0.7811402 1.5950344 0.6344641 0.6082222 1.2579935 0.186785 -1.4980454 
-1.2160629 -0.9631369 -1.1140319 -0.19305688 0.8403542 0.59199774 0.05548298 0.77406245 1.7045103 -0.1329337 
-0.22083478 -0.34934875 -0.6633145 0.06676763 0.19906195 -1.4979208 -0.27688596 -1.1078784 0.07937614 -0.34294096 

0.32732788 
1.9574229 
0.58367383 
2.5593374 
-0.41341197 
0.88590235 
-2.3710432 
0.45588064 
0.25666183 
2.0022955 

-2.9769866 0.8863489 -0.921374 2.870138 1.1483192 -0.70578295 -2.0270748 2.0730443 1.3103691 0.48351994 
-0.42778817 -2.8364007 -0.9321625 -0.14992772 -1.3514512 1.693214 -1.4121343 -0.25001618 1.1424903 0.48239997 
-0.9788451 -0.15030704 4.0539703 0.24150167 -0.42319253 -0.54840696 -1.0404857 -0.24547379 0.44379303 -2.407375 
2.6220238 -3.5335412 -0.13827044 1.4367896 1.6078196 -0.5159412 1.8048648 1.7466779 -0.7735108 -0.515837 
-0.73547745 -0.7980777 1.47597 -0.4821294 0.6443553 -1.9697515 1.3566034 -1.8797444 2.2679434 1.4402734 
1.2435615 0.1095195 -1.9945362 1.3059646 -0.15639146 -1.0950832 -0.56634724 -2.56389 -0.8592568 -1.0427783 
0.6154729 1.9435642 -1.1984165 -1.3897057 0.9337683 1.7131699 1.8015919 0.09773626 2.512578 -2.3885233 
-0.34663978 1.073307 2.0849345 1.8192893 0.7400811 3.4376583 1.8856791 -0.6197486 -0.7737979 2.0251453 
4.243207 1.8669512 1.5235208 -0.5997397 0.6929068 0.16275541 -2.0169942 0.8040784 0.5539162 1.8787575 
0.184634 0.50550985 -1.7225195 0.47451836 -3.4444294 -0.7038209 1.1458836 0.8350332 0.15930746 0.503284 

-1.699419 
0.42039958 
-1.1363827 
-2.7221637 
-0.15370347 
-0.70161015 
-0.46199498 
-0.002407298 
-3.0056322 
-0.23868605 

1.4931905 -2.3446794 -2.2589045 -3.3936992 0.6228955 -4.6803565 0.44254777 -1.6009161 2.358417 -0.009886455 
3.8214064 3.627208 -0.580702 3.8976076 2.4128447 -2.0749378 0.45444626 -0.11937094 -5.146923 0.13206723 
3.2089577 0.87782025 0.56958574 -4.523608 -0.50670236 1.9541316 -0.73886126 1.3084956 -2.5622785 -0.24023692 
0.9907432 -2.4706109 3.0799723 0.8960751 4.013072 2.4753263 -2.9264104 -1.8710876 1.8870813 3.4982376 
2.7168863 -4.5787315 -2.0171528 2.9564848 -3.538336 -0.5685415 -3.0320017 4.7187476 2.8505175 0.07159711 
-2.6991189 -1.185974 -4.5362024 -0.59994954 4.3837385 1.1433818 3.2461607 2.9754014 -0.37563333 -0.7159646 
1.5731932 5.715817 -2.1027055 1.1480658 0.42071918 3.4582536 0.75723594 -2.4465964 5.022234 -3.9090428 
1.1996603 -1.1067462 -0.082140595 2.0029438 -3.592751 1.6965685 3.459275 -1.1405749 -0.0004295723 4.9343615 
-3.676119 4.7920485 1.4770824 -1.204923 0.50796694 -1.7706181 -0.80696017 2.7155929 2.1424232 4.498926 
-0.79816484 -1.4120748 6.8559117 0.17655078 0.4583971 -0.7603374 2.690511 1.9465795 0.30348113 -5.0298977 

-3.9297338 
-0.9029534 
-0.14659603 
-0.68993807 
-2.5881586 
-0.4428876 
-1.7977849 
-3.2515543 
-3.2891755 
-1.5866756 

7.568083 16.028482 1.9558907 -5.802112 14.180815 9.865702 -0.9956743 10.376361 -1.3799508 -4.5399632 0.6921852 
-17.62513 -1.5995102 5.284996 3.4751413 4.048756 -2.265903 -1.3486279 -1.9441501 11.403717 -2.8467216 1.5442628 
-3.331437 1.4058568 0.018946325 4.1365943 -0.87387323 -4.0824604 -3.1616778 -0.8521269 -8.939758 -2.0866294 -20.976864 
-1.0992585 -12.2539835 -5.493359 -0.25437677 16.146107 19.550713 1.6334116 -10.455293 -2.4452364 1.3387469 -3.0617156 
3.3561103 -0.022609461 1.1255968 11.758197 -0.9974772 -0.60890704 22.7578 -1.0626867 1.2220229 -3.1501212 -1.4675373 
5.010799 -13.04921 -4.8785577 -13.227251 9.98732 -16.554363 5.5579247 12.058595 4.9346232 0.8787349 -1.6674844 
9.355522 0.55034655 -13.275641 14.889688 -2.925347 -0.4988468 -11.416474 0.61471754 14.658896 -1.7807734 -1.3929945 
-12.395113 6.189209 -13.471813 4.883558 -0.3369396 -5.4291987 3.298285 1.5744328 -14.186708 -2.1960769 11.330162 
0.10697035 -14.704122 2.9045537 -1.4629034 -16.932568 10.391271 -2.080535 13.727142 -2.9147131 -4.272902 3.534432 
3.1205578 2.8681085 -2.9379847 -19.836199 -8.0892 -2.3477726 1.4149544 -22.850126 3.2971773 -2.853619 2.12636 

2.9858348 
7.269475 
14.39587 
0.65264684 
-6.9786916 
-3.8888764 
-7.813564 
-0.63788134 
-2.766373 
10.761725 
4.6331916 
