/Dimension :

4
8 10 10 10 10 4 

/Code :

1.0 0.0 0.0 0.0 1.0 0.0 1.0 1.0 
0.0 1.0 0.0 0.0 1.0 1.0 0.0 1.0 
0.0 0.0 1.0 0.0 1.0 1.0 1.0 0.0 
0.0 0.0 0.0 1.0 0.0 1.0 1.0 1.0 

/Parameters :

4.173077 -6.1199 -2.054709 0.04047477 -3.8743765 4.596614 -5.410459 6.0749817 7.5079923 2.9760776 
-4.2326975 3.6509213 5.7971215 4.178559 -3.8273857 -6.0838165 0.1854241 3.1722145 -1.3805476 6.215437 
1.8293171 3.6085825 1.4991479 6.919723 -4.5692143 -7.4007998 -0.39843744 -2.9640472 -0.7145596 -6.19373 
-5.676432 -5.9688745 -4.8791704 3.106799 -4.9877467 2.4423265 0.47397777 5.801832 2.5515716 -6.6493587 
-2.3537574 -7.4427867 1.2026842 -3.2267957 -6.1497407 3.2082837 -3.2025127 -7.3405995 3.4720511 -0.241868 
0.4841476 -6.298747 6.877206 -1.7606574 -5.243198 4.2378745 1.7815306 -0.44119665 -4.6955237 -2.2401311 
5.7564473 4.9352612 -1.8027675 -2.92656 -5.5470843 -6.8464437 -4.523119 -1.4681793 -1.9805394 2.0441706 
-1.4374013 2.4525483 -4.31106 3.1798062 -9.486847 -6.3524203 4.788384 -8.106295 5.1226506 6.5971146 

0.94333714 
-6.6972957 
-1.4572836 
-4.3095994 
7.6182756 
-5.23166 
3.5600905 
2.297057 
-3.6797035 
-0.6490415 

0.4320185 -5.062212 6.639105 4.1384015 3.6297016 3.5566506 -3.3426826 -8.309514 -1.891023 0.3886541 
1.4846551 4.9412684 9.469383 -5.565372 7.728502 -1.2824476 -7.4983273 1.533978 11.018439 -12.975637 
2.307513 4.577533 2.9418716 -4.6924224 1.2085382 -4.317286 -6.239423 -2.1148715 0.9688208 -3.3915546 
-6.065766 3.4459255 5.594488 -3.836297 -4.3247733 -6.093527 2.6199076 -3.2015393 -0.9028866 4.7462726 
-6.1733994 -12.3638735 12.585143 -9.051975 8.963106 16.656399 -7.259598 -8.082665 -6.792233 -7.095292 
-6.4509387 -8.408904 -7.9985294 2.8514168 -5.959042 -3.9777 -8.342576 -10.465395 -4.9887886 7.549915 
-4.4734387 -0.6765546 -2.5893004 -4.770409 0.9647079 -2.6745267 1.0244329 4.429496 -3.8247447 0.29351813 
-3.8333008 1.9084871 -0.21600667 9.1267805 -3.0827093 -5.3909707 5.461317 3.2937524 -10.373613 -4.183079 
-0.2309976 -1.7685409 -1.1521245 2.8780477 -2.7548835 -1.8811411 -0.6928062 0.11006816 4.5673785 4.7680936 
-7.5956855 7.2578273 -6.1044736 2.1211257 5.572891 3.4839103 -2.8432424 0.6560716 1.4083445 -1.0483577 

3.4579027 
-4.927906 
-3.123697 
-2.7934144 
-0.019053947 
-0.9785203 
1.8813188 
2.764994 
2.162246 
-1.2805489 

6.402884 -5.5794983 -11.59409 1.4492956 -3.88681 -0.4567017 4.183031 -3.055429 0.94343024 -0.16566075 
3.45872 1.5739528 -0.73677224 -0.815174 10.946851 -2.8074946 -0.42988586 0.04604903 -1.3439068 2.3716888 
5.316066 -1.8825508 -1.2775867 -3.8593557 -0.3182963 10.367974 8.795036 -3.0529053 1.6680409 2.7485616 
-0.5854253 -0.43072024 5.0671906 3.1039708 1.0926133 -4.497567 6.955894 3.3511474 -9.101678 -0.61884004 
-1.7368686 1.6530384 2.994172 6.2671146 -0.42943874 -2.0387206 -0.9257815 -4.7721663 5.270861 5.8511763 
-4.589856 6.619528 4.117873 3.482866 -6.345785 2.5092363 3.4120877 -6.4190536 4.0377793 6.2777667 
0.9114467 2.4654505 0.883495 -3.6931036 -0.76337 3.9280272 -1.756964 1.7450669 2.7529485 -9.086158 
-15.092346 -3.908342 -3.1100285 6.816478 -0.23596978 -2.5952852 -3.2713711 2.5873394 0.66801834 -2.2125573 
-5.146033 -0.6035641 -12.124257 2.0021772 2.4323516 2.825978 5.328781 -2.9250004 1.7592794 1.6217802 
2.580957 -9.026103 4.621732 -7.849671 -3.7727296 0.87189245 4.8549223 4.6946926 -4.4931893 -1.7553855 

-1.5340451 
-1.565424 
1.141233 
-0.62741154 
-3.0506449 
-2.6917677 
2.8597636 
-0.77289236 
1.7214004 
-0.465629 

-3.088667 -3.334891 -11.1681795 2.5909812 -4.0283804 -0.9348587 -4.64656 1.3052738 1.6636721 3.9512248 
3.8481877 -6.4561696 0.71404785 3.845748 -6.382994 -3.4995303 7.6642914 -6.664907 1.2638768 -0.809048 
2.6832502 -5.099948 -0.19698657 -10.577417 -1.1665753 5.536862 -0.19470686 8.518201 -3.1606922 -6.5053606 
5.3956785 -1.4159726 5.471432 -5.2442775 -0.39164096 -2.206424 5.3601937 -0.16879302 7.815811 0.9931761 
-0.91385466 2.499294 -4.7538285 2.1850479 2.863595 -11.599692 -2.769292 1.3166509 0.3740437 2.6134124 
-7.260761 2.8166509 6.4211373 4.695516 6.692056 2.1285381 -2.1071107 -2.2651877 0.2439261 -0.21451105 
0.6379433 1.9578681 4.6607337 2.3776622 -1.2059463 -0.00720749 -2.4410245 -1.7834066 -0.7298959 -0.8006048 
0.3778163 5.578536 -1.2789861 0.75107807 0.0029624593 -0.56715596 -10.319833 0.43968913 0.21834221 4.5065207 
-2.0230129 -4.4148674 -4.1607137 0.05855289 -6.4344816 3.7226007 4.6054225 -1.9336274 6.9912696 -13.967435 
-2.9516559 -8.071688 3.605447 -1.2817807 12.26736 3.3603787 3.1649342 -3.5595896 -7.167119 1.6643449 

0.2487271 
2.0709305 
0.36534506 
-0.22275303 
-1.7955273 
-0.4762931 
0.23697463 
1.1655725 
-1.2946199 
1.1749728 

3.3079348 0.550217 -11.267601 11.282522 
-0.50762105 2.1309686 -2.08272 8.368935 
-0.58344996 3.4126165 8.371055 -7.799916 
2.2965364 4.8401957 7.775923 9.06788 
9.242197 6.1785235 9.261574 -9.6697235 
1.9529083 -18.046537 2.3658822 -0.032801732 
-6.305396 -3.5272899 -8.861201 -6.7857804 
1.1052713 -2.9275537 -3.7061007 -2.7952209 
-14.546743 -0.82214355 -6.988319 5.1810765 
2.5291946 8.185638 7.9623756 -1.6142763 

1.3704414 
0.77372134 
-2.6739664 
3.694338 
