/Dimension :

4
8 7 7 7 7 4 

/Code :

1.0 0.0 0.0 0.0 1.0 0.0 1.0 1.0 
0.0 1.0 0.0 0.0 1.0 1.0 0.0 1.0 
0.0 0.0 1.0 0.0 1.0 1.0 1.0 0.0 
0.0 0.0 0.0 1.0 0.0 1.0 1.0 1.0 

/Parameters :

-4.988607 2.3355837 -3.0147989 -0.5170468 -1.3014603 1.9227729 4.9219413 
-2.4921715 4.6746693 -3.0295026 3.5871198 1.8617138 -0.9949276 -4.3374524 
3.4151332 3.9288893 -2.5019226 -5.2777314 0.50571907 -0.7367447 3.4151087 
4.2083817 -1.0226554 -3.8027713 -4.4294586 1.9740646 5.5186267 -3.9753847 
0.4917481 -2.6283696 -4.1184673 4.583595 -0.25487137 -3.9514365 1.9506439 
0.33030707 3.9701004 7.410157 -0.44167295 -3.9470503 4.0594773 -1.0719665 
2.481989 -4.106254 -1.6767462 2.416731 -3.0960782 1.4022881 0.37302956 
-3.159829 0.107840724 -1.0118626 -2.223736 0.025297115 -2.5991085 -1.1634349 

-0.205062 
-3.6831279 
5.8787723 
1.1118848 
2.1170106 
-2.3608906 
-0.08921144 

1.6826959 6.027531 -2.3796437 -2.5673842 -0.55861974 -2.3380487 0.4225166 
7.115031 -3.1214962 -3.7081902 0.49882376 -0.61810106 6.56943 -5.092099 
-5.3153996 0.6756614 -5.8178453 3.0394957 -0.9912687 -0.5165392 2.586765 
-3.072338 -3.5509374 5.01974 4.048187 -3.0737088 4.5231633 1.2377962 
2.6242712 -0.80562216 -1.0790551 1.6012081 -4.438651 -4.062613 2.6130817 
-1.2320758 3.0388932 3.0371408 4.120314 5.005884 -3.1652308 -3.3002527 
0.0062487703 -1.8747638 1.1207875 -7.139854 1.772837 0.8242509 1.099032 

-0.8996439 
0.02063111 
1.9267184 
-1.694119 
1.3594214 
-0.89563197 
0.22619219 

-0.48100764 5.4110956 4.5425005 -0.8574925 2.464387 2.414124 -3.0183134 
0.46679023 3.0937383 0.30193523 3.0743797 0.25347802 -6.824249 -5.2086906 
-7.5088863 6.784338 2.0964882 -5.4700623 -2.568461 2.9418244 4.319704 
-1.2843097 3.8132184 -2.0497577 -5.2120867 7.8594217 1.0866523 5.465403 
0.34517705 -1.4719423 -0.6322658 0.12423099 -5.949103 -1.0142436 -1.8251123 
1.5055002 -8.044528 -0.72357553 2.2323234 -5.2180367 6.728813 -0.3021459 
5.8163204 -5.0590954 -2.8481925 7.0398574 7.034296 -4.632866 2.131165 

0.54910535 
-2.2965086 
-0.43975082 
-0.53340966 
-2.1321702 
0.15240003 
-0.83713037 

9.226313 -5.3896756 2.8000214 -0.9717204 -4.6960745 -0.3652374 1.8691045 
-1.7336177 5.730878 5.3117733 -4.2455387 0.8363795 12.539437 -8.917101 
-4.974086 4.2091413 0.15650737 8.507201 3.1165211 0.8708373 -5.854867 
5.0000973 -3.1038353 9.017088 10.408093 -11.892041 -3.6458578 7.9269137 
-4.0874534 -10.575595 -10.427829 -4.437586 2.4564333 -4.9101048 -6.197182 
-9.619111 5.996573 0.55697167 -0.082728446 7.774463 -1.0914286 7.4442067 
6.873544 2.426961 4.5945477 -8.613892 2.5692663 -2.4728866 2.567035 

-0.35239288 
0.4318369 
-5.99967 
-0.07815897 
-0.22269383 
-0.5993403 
0.3924352 

-2.5797415 -8.855452 -17.561443 7.1119113 
18.751495 -4.4636264 -15.562745 2.014525 
16.428026 -14.097038 5.0477624 10.88413 
-9.832644 6.7357707 14.182757 -10.512869 
-6.0641694 13.862955 -1.6776379 6.193565 
1.8275623 0.80854356 10.06195 8.286634 
-4.5670543 9.420999 11.89362 -15.452314 

-6.8858128 
-1.6497104 
-3.131463 
-4.1250877 
