/Dimension :

6
8 4 4 4 4 4 4 4 

/Code :

1.0 0.0 0.0 0.0 1.0 0.0 1.0 1.0 
0.0 1.0 0.0 0.0 1.0 1.0 0.0 1.0 
0.0 0.0 1.0 0.0 1.0 1.0 1.0 0.0 
0.0 0.0 0.0 1.0 0.0 1.0 1.0 1.0 

/Parameters :

-9.449011 -1.0905731 1.4139682 -1.55229 
0.9579637 -2.576438 -18.295748 3.6487203 
0.7432652 0.38308105 -1.195508 -5.761154 
0.033866614 12.05585 -0.93347543 4.1539016 
4.614734 -4.9735384 -1.5303205 -1.9224238 
5.782868 0.29207307 4.098407 2.835979 
3.353152 2.3743978 4.5633755 -0.4510586 
3.1614833 3.0047615 -2.4202893 3.5154552 

-2.4764876 
-5.0543127 
0.8570697 
-2.4110274 

1.9837279 -2.1186433 -8.925918 16.50012 
4.6850424 -4.231351 9.601701 6.291763 
-2.6956751 4.8296585 7.05741 2.2568235 
2.2722867 7.070028 5.4277177 -3.2867844 

-2.1889968 
0.73810756 
-1.8288792 
-1.7921296 

3.4276748 2.1967127 1.6062516 4.0476556 
-4.6478386 -3.7901783 -1.4041096 -4.6229534 
1.9335634 -0.4763041 -4.544552 -0.55336404 
-1.0202371 -3.401904 -2.5629926 0.1283414 

-2.1531396 
2.9939003 
1.7743781 
0.6005232 

-2.8923926 5.1188707 1.9493138 -2.46619 
-1.6940565 -5.14697 5.5586286 -5.071241 
-4.049385 -5.590922 4.974447 -3.3151565 
-3.8056421 3.5967388 2.3825004 -2.909829 

2.271962 
-0.051814727 
-1.5882167 
2.1349926 

-5.965884 7.2552085 1.8674111 -4.729145 
2.3332982 -0.2250949 -8.483241 0.76468986 
3.08025 -2.990131 1.4971808 6.786774 
-5.191248 5.941899 0.29542208 -3.3594925 

-0.30183885 
0.7462439 
0.026292035 
2.0118861 

9.491324 4.157725 -12.549662 -2.0879889 
-7.185474 -28.996368 5.4751716 1.3555454 
1.2445846 -44.06068 0.3133346 9.264375 
3.7060635 2.086055 -10.197172 0.09182548 

-0.56024605 
0.20548475 
1.3672358 
-4.6256924 

-0.7897011 -2.7059326 10.918722 -1.0851775 
0.22212267 -3.8854268 14.020699 0.3245184 
0.58047104 -39.86716 8.127647 -0.11575572 
1.255839 1.0336863 4.1797686 -34.780502 

-0.1249865 
4.701594 
-9.046425 
3.4423444 
