/Dimension :

3
7 8 8 8 4 

/Code :

1.0 0.0 0.0 0.0 1.0 0.0 1.0 
0.0 1.0 0.0 0.0 1.0 1.0 0.0 
0.0 0.0 1.0 0.0 1.0 1.0 1.0 
0.0 0.0 0.0 1.0 0.0 1.0 1.0 

/Parameters :

0.2422785 0.90430504 0.61886084 -0.42845765 0.17124067 0.16842854 -0.6365628 -0.6062825 
-0.5715039 0.81174654 -0.8542058 -0.7689524 0.460144 -1.0 -0.029067291 0.035925522 
0.5333827 -0.6785015 0.601466 -0.7834884 0.09584401 -1.0 0.6759623 -0.4164579 
0.4330545 0.72296715 -0.5821255 -0.70593935 -0.44983616 0.89738137 0.53188634 0.28854758 
1.0 -0.24523619 1.0 0.8716185 0.8114145 0.5853571 1.0 0.72872794 
-0.6135938 1.0 0.73058313 0.35521537 0.07048113 -0.051821318 0.8892932 1.0 
0.98517567 -0.51853734 -0.20371488 -0.5578291 0.86100173 1.0 -0.42245468 0.9729711 

-1.0 
-0.99790615 
-0.65481764 
1.0 
-1.0 
-0.3007715 
-1.0 
-1.0 

0.60115194 1.0 -0.35112706 -0.48358893 0.6147639 -1.001023 -1.0009786 -1.0008632 
0.8781417 -0.7646977 -0.9475572 -0.8642137 -0.44425392 1.0 -0.32835272 1.0 
0.8490477 -0.90646726 -0.66029 1.0 -1.0007641 0.6913715 0.88369673 -1.000912 
-1.0008287 -1.0009425 0.9868675 -1.0013808 0.3534354 -0.055860266 0.24116397 -0.35256562 
-1.0009401 -0.3181471 -0.02710995 1.0 -0.587039 0.6766207 -1.0010093 0.5657352 
0.17147763 -0.4910822 -1.0010272 0.66103584 1.0 -0.44831958 0.14958662 0.4850439 
1.0 1.0 1.0 -0.8251393 -0.33661076 0.6210186 0.667483 0.75276935 
-1.0011303 0.65796894 -1.0004908 -1.0008861 -0.81757563 -0.2057039 0.81552786 1.0 

-0.24856927 
0.4092339 
0.9998563 
0.7523291 
0.6162511 
-0.6430225 
-0.21059978 
-0.7273374 

-1.0 -1.0 0.14935349 1.0 0.13260718 1.0 1.0 -0.29809025 
0.049601875 1.0 -0.21175854 1.0 -1.0 0.63229656 -1.0 0.06679924 
0.23737508 1.0 -1.0 0.8790275 -0.38311434 -1.0 -1.0 -1.0 
-1.0 1.0 1.0 -0.23759136 0.7349803 -0.84469277 -0.5220137 -1.0 
0.67991734 -1.0 -1.0 -0.34728432 -0.98037815 -0.88112813 0.58840054 0.8858976 
-1.0 0.30705047 1.0 -0.9389427 1.0 -0.6082331 -0.6798388 1.0 
1.0 -0.5752473 -0.43863636 -1.0 -1.0 1.0 -0.93515426 -0.24096516 
-0.012519599 1.0 -1.0 1.0 -0.32360572 -1.0 1.0 1.0 

0.52336764 
-0.87078345 
0.75063425 
-0.6801212 
0.9121407 
0.85114413 
0.771972 
-0.21008325 

-1.0 -1.0 -1.0 -1.0 
-0.65106404 1.0 0.8191353 -1.0 
1.0 -0.96229225 1.0 -1.0 
-0.106940426 1.0 1.0 1.0 
1.0 1.0 -0.81819403 -1.0 
-0.17449439 -1.0 1.0 1.0 
1.0 -0.8653895 -1.0 1.0 
-0.43710455 1.0 -1.0 1.0 

-0.31691775 
-0.08680107 
0.0006626061 
0.0022488905 
