/Dimension :

6
7 12 6 6 3 8 8 4

/Code :

1.0 0.0 0.0 0.0 1.0 0.0 1.0 
0.0 1.0 0.0 0.0 1.0 1.0 0.0 
0.0 0.0 1.0 0.0 1.0 1.0 1.0 
0.0 0.0 0.0 1.0 0.0 1.0 1.0 

/Parameters :

-1 1 0 0 0 0 0 0 -1 1 0 0
-1 1 0 0 -1 1 0 0 0 0 0 0
0 0 -1 1 -1 1 0 0 -1 1 0 0
0 0 0 0 0 0 -1 1 0 0 -1 1
0 0 -1 1 0 0 0 0 0 0 0 0
0 0 0 0 0 0 -1 1 0 0 0 0
0 0 0 0 0 0 0 0 0 0 -1 1

1.5
-0.5
1.5
-0.5
1.5
-0.5
1.5
-0.5
1.5
-0.5
1.5
-0.5

1 0 0 0 0 0
1 0 0 0 0 0
0 1 0 0 0 0
0 1 0 0 0 0
0 0 1 0 0 0
0 0 1 0 0 0
0 0 0 1 0 0
0 0 0 1 0 0
0 0 0 0 1 0
0 0 0 0 1 0
0 0 0 0 0 1
0 0 0 0 0 1

-1.5
-1.5
-1.5
-1.5
-1.5
-1.5

-1 1 0 0 0 0
-1 1 0 0 0 0
0 0 -1 1 0 0
0 0 -1 1 0 0
0 0 0 0 -1 1
0 0 0 0 -1 1

1.5
-0.5
1.5
-0.5
1.5
-0.5

1 0 0
1 0 0
0 1 0
0 1 0
0 0 1
0 0 1

-1.5
-1.5
-1.5

1 1 1 -1 0 0 0 0
-1 1 1 1 0 0 0 0
1 -1 1 1 0 0 0 0

-1.5
-1.5
-2.5
-1.5
1
1
1
1

-1 1 0 0 0 0 0 0
0 0 -1 1 0 0 0 0
0 0 0 0 -1 1 0 0
0 0 0 0 0 0 -1 1
-1 1 0 0 0 0 0 0
0 0 -1 1 0 0 0 0
0 0 0 0 -1 1 0 0
0 0 0 0 0 0 -1 1

1.5
-0.5
1.5
-0.5
1.5
-0.5
1.5
-0.5

1 0 0 0
1 0 0 0
0 1 0 0
0 1 0 0
0 0 1 0
0 0 1 0
0 0 0 1
0 0 0 1

-1.5
-1.5
-1.5
-1.5