/Dimension :

2
15 11 11 11 

/Code :

1.0 0.0 0.0 0.0 0.0 0.0 0.0 0.0 0.0 0.0 0.0 1.0 1.0 0.0 0.0 
0.0 1.0 0.0 0.0 0.0 0.0 0.0 0.0 0.0 0.0 0.0 0.0 1.0 1.0 0.0 
0.0 0.0 1.0 0.0 0.0 0.0 0.0 0.0 0.0 0.0 0.0 0.0 0.0 1.0 1.0 
0.0 0.0 0.0 1.0 0.0 0.0 0.0 0.0 0.0 0.0 0.0 1.0 1.0 0.0 1.0 
0.0 0.0 0.0 0.0 1.0 0.0 0.0 0.0 0.0 0.0 0.0 1.0 0.0 1.0 0.0 
0.0 0.0 0.0 0.0 0.0 1.0 0.0 0.0 0.0 0.0 0.0 0.0 1.0 0.0 1.0 
0.0 0.0 0.0 0.0 0.0 0.0 1.0 0.0 0.0 0.0 0.0 1.0 1.0 1.0 0.0 
0.0 0.0 0.0 0.0 0.0 0.0 0.0 1.0 0.0 0.0 0.0 0.0 1.0 1.0 1.0 
0.0 0.0 0.0 0.0 0.0 0.0 0.0 0.0 1.0 0.0 0.0 1.0 1.0 1.0 1.0 
0.0 0.0 0.0 0.0 0.0 0.0 0.0 0.0 0.0 1.0 0.0 1.0 0.0 1.0 1.0 
0.0 0.0 0.0 0.0 0.0 0.0 0.0 0.0 0.0 0.0 1.0 1.0 0.0 0.0 1.0 

/Parameters :

-0.2035223 0.17439453 -0.001524674 0.16445649 0.5964841 -1.1075456 0.42767462 -0.22008388 -0.11732893 0.33166406 -0.28532478 
0.029947639 -1.9924792 -0.15411073 -0.37319955 0.14853728 -0.051445577 -0.10106638 -0.09427503 -0.097100526 0.10181271 -0.08006441 
-0.10589202 -0.35117817 -0.537452 0.6978312 -0.10245658 -0.008461519 -0.17461449 0.59697014 -0.73334664 -0.5060942 -0.22584894 
0.06512748 0.7426208 0.17474055 0.8103923 1.3614048 1.1224334 0.069455005 -0.2619035 0.14310047 -0.04379369 -0.4780233 
0.13429904 0.22881968 0.69979656 -0.22673659 0.33985108 0.19771735 -0.2288057 0.12548615 -1.367506 0.42470166 0.18340321 
-0.17760842 -0.16614802 -0.63112146 -0.006079928 -0.33991715 -0.10709292 -0.3073118 -1.6158044 -1.1291608 -0.1455743 -0.004502296 
-0.23801142 -0.44191602 1.0623747 0.2540369 -0.26609287 -0.4471586 -0.25960797 -0.21873099 -0.054623008 -0.31174338 -0.489843 
0.93614024 -0.20414962 0.3371284 -0.084502734 -0.12778157 0.027139565 1.3571801 0.16889966 -0.26529545 -1.3497665 0.3579882 
0.17918171 0.051018074 -0.064459726 -0.13044117 0.56392044 -0.3352418 -1.2170008 -0.043906685 0.19765109 -0.8700417 0.3002464 
-1.5107474 -0.38873124 0.094212815 -0.6042404 0.2826415 0.06623745 -0.13654539 -0.20657279 -0.07772364 -0.5971538 0.11947779 
0.09365421 0.1587411 -0.3411689 -0.7499537 -0.07416253 -0.0022293627 -0.31917572 -0.12721738 -0.2623941 -0.47449818 -1.3362694 
-0.0062184627 0.0054349178 0.014613297 0.00055628084 0.0022299734 -0.0013532868 -0.030778505 -0.0036251508 0.0032921373 0.036791116 -0.0055016014 
0.035580367 -0.020356 0.011694011 -0.0040011527 -0.01189091 0.012853161 0.031790774 0.0022684047 -0.0051113674 -0.028068613 -0.0008050461 
0.0009184886 -0.0058643017 0.0049354015 0.002075932 -0.004312157 -0.0043076123 0.028560754 -0.0011887813 -0.009789399 -0.019996537 0.007940594 
-0.032695275 0.0038026788 -0.00491538 0.007092061 0.011263063 0.006191115 -0.043444548 -0.011369927 0.014032016 0.0864637 -0.0012630223 

0.38803953 
1.1044338 
-0.332053 
0.10829083 
-1.2094536 
0.31774297 
0.4366258 
0.9923332 
1.8293124 
1.6356459 
0.9621437 

-3.05216 -0.8391547 2.1138606 -3.0499523 -3.2538347 1.5645034 -1.4228364 -3.4145386 2.1720488 4.851659 0.53886265 
1.1828686 -1.2595471 -0.24468905 -0.98333406 -0.521188 1.2716892 6.2291145 3.901759 0.40249917 0.80993426 -1.8151616 
-0.26446983 1.2767643 4.605069 -1.7095171 -1.3229485 -7.7812057 1.8425438 1.714011 -1.2201662 -0.8247902 3.0709143 
-0.28041625 4.030737 -0.124783 2.3270035 3.482651 -4.1238904 3.8977985 -4.96001 2.9649782 -1.6809769 -2.3066335 
1.4387124 -2.5487924 -2.4596043 2.3295038 2.5955923 -0.77542055 0.11463814 1.0625428 -0.09537112 6.1916475 3.7993 
0.44837576 -1.7710408 2.6741054 -0.32292104 0.45193055 5.9666367 3.026455 -2.0861738 -3.3524082 -4.0293703 2.6362374 
-7.2553773 1.4312966 0.42883074 6.039561 -0.7277845 1.4076777 0.34240642 2.5021775 0.59420294 -0.69344795 0.6718226 
-0.6581421 -1.1799415 1.9740671 -1.7168456 6.15821 2.4872375 -2.6675513 1.9179713 4.2991347 -0.6458964 0.50353825 
3.0644133 1.2361149 -5.078479 -0.7070512 -4.604638 0.09070784 0.741952 -0.54887676 2.6569324 -1.7653915 4.149149 
9.98796 2.2322853 4.1401167 3.2983258 -0.43423414 1.907974 -1.942696 0.70436513 1.2641712 1.5998293 0.17777011 
-1.183099 6.3931737 -1.7681649 -3.3741465 1.1204534 3.3852878 -0.39433706 1.4777426 -3.1028268 1.8723707 -0.683256 

-1.7571394 
-4.433269 
-3.170013 
-1.0082706 
-1.6362889 
-2.7140772 
-4.880047 
-1.1831373 
-3.3002298 
-2.8270814 
-5.30824 

-0.3998541 0.34696072 -4.6375084 -0.2580353 0.84392834 0.9785899 -0.23078439 -26.809189 1.5168151 -0.8461663 -0.43665713 
-0.63483065 0.2206595 -5.673139 -5.6426954 -4.0486107 1.2204443 2.22987 3.296984 -3.276451 -3.3524902 -28.983913 
-12.179229 0.45449322 -2.7684543 -2.8059077 21.993814 -1.0145962 8.759758 2.2650964 -13.875967 -12.673482 3.513628 
18.523703 8.096877 1.0127635 12.306509 -7.8588333 7.219965 -2.0873947 0.22721465 -22.822994 4.35136 2.7092042 
1.9909672 3.2308815 29.014097 6.566142 10.831815 -9.482944 -3.180917 -9.353667 6.6486444 13.730283 -8.715 
-11.76356 -0.5182049 -0.3535422 -1.3265982 -3.1851003 -0.6736888 -25.450703 2.147696 -5.566162 -2.8918414 1.3751603 
-5.7819123 -22.496552 -1.0864805 16.753101 -2.434954 6.1979575 3.2243624 2.5896354 2.2762723 -5.5189037 -3.4624808 
10.864151 -17.026127 -10.063143 -16.571129 7.5110955 -11.902561 -4.8653183 5.225296 -3.6731334 19.90885 3.0083194 
7.088824 -7.413034 9.467521 -7.8353167 -13.015093 -19.738888 1.6390318 -3.5780325 -4.718456 -19.90996 5.434596 
21.597609 4.635824 -7.5754175 5.5369525 12.16444 7.725401 -11.026306 6.6187477 18.219635 -12.089416 -1.7954829 
-7.353218 15.50247 -16.316776 18.325039 0.47496757 -17.206099 2.307722 8.8351755 3.7058208 8.379803 -3.564455 

-10.74218 
7.3371954 
4.6946726 
-12.403194 
-11.405537 
18.119923 
14.164618 
3.8613539 
10.779529 
5.5291033 
15.325386 
