/Dimension :

2
15 13 13 11 

/Code :

1.0 0.0 0.0 0.0 0.0 0.0 0.0 0.0 0.0 0.0 0.0 1.0 1.0 0.0 0.0 
0.0 1.0 0.0 0.0 0.0 0.0 0.0 0.0 0.0 0.0 0.0 0.0 1.0 1.0 0.0 
0.0 0.0 1.0 0.0 0.0 0.0 0.0 0.0 0.0 0.0 0.0 0.0 0.0 1.0 1.0 
0.0 0.0 0.0 1.0 0.0 0.0 0.0 0.0 0.0 0.0 0.0 1.0 1.0 0.0 1.0 
0.0 0.0 0.0 0.0 1.0 0.0 0.0 0.0 0.0 0.0 0.0 1.0 0.0 1.0 0.0 
0.0 0.0 0.0 0.0 0.0 1.0 0.0 0.0 0.0 0.0 0.0 0.0 1.0 0.0 1.0 
0.0 0.0 0.0 0.0 0.0 0.0 1.0 0.0 0.0 0.0 0.0 1.0 1.0 1.0 0.0 
0.0 0.0 0.0 0.0 0.0 0.0 0.0 1.0 0.0 0.0 0.0 0.0 1.0 1.0 1.0 
0.0 0.0 0.0 0.0 0.0 0.0 0.0 0.0 1.0 0.0 0.0 1.0 1.0 1.0 1.0 
0.0 0.0 0.0 0.0 0.0 0.0 0.0 0.0 0.0 1.0 0.0 1.0 0.0 1.0 1.0 
0.0 0.0 0.0 0.0 0.0 0.0 0.0 0.0 0.0 0.0 1.0 1.0 0.0 0.0 1.0 

/Parameters :

1.166657 -0.06390231 0.4235557 -9.7129756e-05 -0.5955721 0.10716882 0.2557774 0.07828518 -0.36347649 0.29370648 0.35067442 -1.5594279 0.19532768 
0.030512212 0.057327226 -0.02178705 0.021844985 0.07775247 3.3809576 -0.16467457 -0.16605991 -0.013277805 0.8280772 0.26754993 -0.12871589 -0.13157137 
0.37115586 0.011905362 0.3865165 -0.04225021 0.25539744 2.091666 0.5511868 0.3872521 1.5964531 -0.42063224 -0.86313105 -0.16467056 0.3300355 
0.25304034 -0.21342237 0.21434554 0.03982043 1.7160928 0.23356648 -0.25372577 -0.3926753 0.12404832 0.6763278 -0.5247771 -0.04790114 -0.3927047 
-0.32017776 -0.713842 -0.09805217 2.2416992 0.07025197 -0.1299772 0.82343155 -0.25840992 -0.071196884 0.14096242 -0.0059626037 -0.13295701 0.24204978 
-0.11066958 0.47644094 0.23102057 1.8200227 -0.33501667 0.1028654 -0.72832483 0.48633668 0.013863504 -0.10498101 0.22756867 -0.13210277 -1.1323737 
-0.4699443 0.26217982 -0.9923724 -0.09109073 -0.059921343 -0.3436175 -0.20681536 0.68037325 -0.08365294 0.18331066 -0.1710931 -1.2130544 0.21947837 
-1.4623809 0.7121832 1.4174771 -0.12542756 -0.05695929 0.027080854 0.19501299 0.035852317 -0.1260596 0.4605834 0.1630194 -0.060649328 0.15328635 
0.06632015 -0.014239813 -0.12568167 -0.30906472 -0.3341658 0.4242312 2.4224446 -0.014962491 -0.121132776 0.61745936 -0.65899426 0.16449064 -0.8509279 
0.076553516 0.9030142 -0.13958691 -0.0030491035 -0.0002192618 -0.011844487 0.009375596 -1.2537296 -0.033852942 -0.084427 -0.76471233 -0.2464379 -0.03040103 
-0.61266893 -0.08517764 0.13375613 0.1286207 0.08492291 -0.060801312 -0.16702996 0.14484012 -2.964793 -1.2781372 -0.27694488 -0.45633933 -0.24036515 
-0.055478927 -0.031780954 0.005464683 -0.023841318 -0.04444028 -0.0591393 -0.052607734 -0.013740398 -0.015227517 -0.014578173 -0.010062416 -0.05372275 -0.03612439 
-0.079328366 -0.045977667 0.0068851113 -0.050966047 -0.063101485 -0.029531525 -0.044879302 -0.01790846 -0.039784454 -0.017623138 -0.009862367 -0.053059313 -0.044857893 
0.02128027 0.0111268535 0.009005177 0.008049625 -0.0051952796 0.032973375 0.006563643 0.0110523645 0.0034897544 0.011979638 0.008555723 0.0061315424 0.005612158 
-0.0038755997 -0.025103506 0.016786655 0.0011902577 -0.01248704 -0.030939333 -0.021769758 -0.008670012 -0.017995575 0.013303541 0.0036492227 -0.007718699 -0.010493788 

0.5500115 
-0.61469156 
-0.7277129 
-1.7693952 
-0.3449813 
-2.8600743 
-1.3476157 
0.16758661 
1.0683464 
-0.6347386 
1.1333463 
2.0523696 
0.8054452 

-6.030097 0.019353738 0.6664327 -1.490639 3.827121 2.9369407 2.1067634 -1.3288287 3.0361736 -1.6457762 -1.3510196 -1.3490452 0.40828818 
2.3241646 6.0187187 -1.311665 -0.29036355 -2.5384989 4.189015 -2.0917938 1.8954384 0.06414213 0.57931745 -5.597029 -0.11744609 2.8559036 
1.1437621 -1.3923223 -0.6469734 -2.6318734 4.55452 2.9662669 -1.4787184 -0.4890935 -1.6419019 4.526067 -0.4529844 -5.2912645 -2.926988 
-1.2866975 1.3986763 1.4951692 0.43314368 0.7269757 -6.934852 0.61689335 1.0047239 -1.2168907 2.1856816 -4.370992 0.18637754 -0.6319899 
-0.40558156 0.6729509 -0.045467302 -1.9780312 0.036253292 0.9200525 -0.95598346 -6.2304497 -3.7741368 1.0258385 2.5248046 2.0947375 -0.3925387 
1.3309977 -0.7898929 0.5819171 4.3632455 0.48030934 0.17786787 -3.0609105 -1.1928831 1.761312 -0.89432234 -1.049822 -0.19124065 -2.2312357 
1.4728191 -0.29452977 -2.0902328 -0.92422086 0.49660045 -5.668467 -0.8904925 2.1728616 0.39585003 -1.0949044 2.6846452 -1.7732314 0.7669795 
1.612651 -5.8894854 -4.037479 1.1340836 2.471769 2.3110788 -1.1464405 0.6770203 -3.2282102 -1.0816172 -1.5198187 2.496425 3.0262723 
2.414837 -0.02931759 2.0313344 1.7462085 -0.111221485 0.5780853 4.3250813 -1.063205 -2.6191137 -1.5471835 -1.25787 -2.8503778 1.5535041 
2.21238 0.22057222 3.1521301 -3.1990588 -0.45142502 -2.8955448 -4.577704 -1.6969516 1.538059 0.299741 2.6030812 1.2180545 4.173058 
-0.1892488 -6.5180907 2.854233 -2.4001381 -4.2842784 1.0032973 -1.0549129 -0.26650265 2.371038 2.0352888 -1.2453555 -1.5586398 0.28107035 
2.5257936 -1.5097806 1.9776427 -1.2576143 -0.7976346 1.3139739 1.5583738 4.3658223 0.5959591 -2.9303885 1.0102345 1.256582 -4.606968 
-0.36141944 0.55747104 -1.6725861 3.2137792 -3.2405126 -1.4228008 0.38706598 0.09812124 -0.0016790531 5.564972 4.6124163 -2.1856093 0.642289 

-3.38348 
3.7546656 
-1.4612899 
1.6252683 
-0.5660893 
0.24050456 
3.132086 
1.0457374 
1.3709906 
-3.4545293 
1.7269151 
4.0192547 
-1.4559326 

-10.724904 5.027743 4.695313 -3.4152336 -3.692344 -1.3669964 0.8809062 12.928209 8.202954 -3.3424468 -6.749772 
-1.8536882 -2.9176774 2.0892224 5.157886 0.4076637 -0.4153735 1.1895447 1.6789562 3.046343 23.111374 2.015412 
-4.920137 8.083487 -10.084393 8.214445 7.0321646 7.704571 -10.572682 -3.61094 -5.5269594 0.61818475 -14.617321 
-4.7781315 11.995816 21.456625 -10.111511 4.165518 -1.614395 7.4089046 -6.5836773 -9.396132 0.17576697 2.4620812 
10.426735 -2.8414886 12.886498 11.967371 2.1266363 9.55887 -10.269507 -2.658115 13.394399 -6.9121327 5.327024 
-0.42501628 -2.4838622 0.11993877 1.9696836 -19.283422 2.1033063 -4.821214 1.6344256 -7.3656907 -0.23541088 1.3429027 
-2.502479 -14.478171 6.0710254 -5.27762 1.2444868 -3.4584816 -3.492061 -11.876558 -6.866834 -0.67091465 -8.30161 
-4.748881 -8.47312 -6.772315 -13.819976 3.3236473 6.419962 -4.929122 3.1602051 7.485426 -0.4681236 4.214352 
12.785018 15.206704 -10.886629 -12.582325 -3.7192411 -6.561194 -5.0654745 -8.900976 4.908146 2.8790905 1.5844692 
8.905766 -2.661039 -3.5287461 0.7886889 8.796341 -1.5023136 -1.1805291 12.148942 -14.794963 -1.4367534 7.955173 
-2.4317362 -2.7420642 -1.6813403 7.1097865 2.3235774 -20.638546 -2.7733738 -0.47452927 5.166909 -3.7833197 1.0768582 
-13.723428 3.1791437 -9.866722 8.795066 1.8981901 5.921138 10.808974 -9.537959 0.9118325 -5.3658047 13.061694 
12.06669 -5.615925 -4.458847 0.09304455 -2.3462362 2.7771132 21.173475 1.4709201 5.8309016 -2.16562 -11.208941 

0.9591707 
-0.56169385 
0.0049614003 
0.35832003 
-1.2111086 
0.3411109 
0.9032107 
5.3152013 
-2.5610363 
-1.0932531 
0.83314043 
