/Dimension :

2
15 18 18 11 

/Code :

1.0 0.0 0.0 0.0 0.0 0.0 0.0 0.0 0.0 0.0 0.0 1.0 1.0 0.0 0.0 
0.0 1.0 0.0 0.0 0.0 0.0 0.0 0.0 0.0 0.0 0.0 0.0 1.0 1.0 0.0 
0.0 0.0 1.0 0.0 0.0 0.0 0.0 0.0 0.0 0.0 0.0 0.0 0.0 1.0 1.0 
0.0 0.0 0.0 1.0 0.0 0.0 0.0 0.0 0.0 0.0 0.0 1.0 1.0 0.0 1.0 
0.0 0.0 0.0 0.0 1.0 0.0 0.0 0.0 0.0 0.0 0.0 1.0 0.0 1.0 0.0 
0.0 0.0 0.0 0.0 0.0 1.0 0.0 0.0 0.0 0.0 0.0 0.0 1.0 0.0 1.0 
0.0 0.0 0.0 0.0 0.0 0.0 1.0 0.0 0.0 0.0 0.0 1.0 1.0 1.0 0.0 
0.0 0.0 0.0 0.0 0.0 0.0 0.0 1.0 0.0 0.0 0.0 0.0 1.0 1.0 1.0 
0.0 0.0 0.0 0.0 0.0 0.0 0.0 0.0 1.0 0.0 0.0 1.0 1.0 1.0 1.0 
0.0 0.0 0.0 0.0 0.0 0.0 0.0 0.0 0.0 1.0 0.0 1.0 0.0 1.0 1.0 
0.0 0.0 0.0 0.0 0.0 0.0 0.0 0.0 0.0 0.0 1.0 1.0 0.0 0.0 1.0 

/Parameters :

0.54832566 -0.18248914 -0.09282155 -3.485402 -0.7671392 -0.37300107 -0.5707813 0.5125021 0.113712534 -0.06980975 -0.28774706 -0.97545964 -0.7855112 0.039246477 1.2943536 0.028974105 -0.90635973 -1.9453151 
-0.32965928 4.237326 0.028898362 0.0042138626 -0.087101325 -0.1741134 -0.07418301 -0.21851824 0.06147113 0.06094138 0.003846153 0.13741776 -2.2315679 -0.7289903 0.043704294 0.2620135 0.10576211 -0.12404911 
0.57299745 -0.19480576 2.4117296 1.0050291 0.01737867 -0.65275526 -1.0514593 -0.045629047 -0.11409789 -0.29743558 0.86747116 0.90623844 -0.08588006 -0.0021464685 0.2828968 -0.45458773 2.4489255 -0.7685641 
-1.6123626 -0.6987141 -0.008084176 -1.3078803 -1.2159956 0.3023029 0.6220032 -0.43689054 0.13561036 2.1524606 -0.51506424 1.9238133 -0.06706304 1.5959673 -0.6772887 0.53523993 1.1370189 -0.19195431 
-0.30476698 -0.5882613 1.1105733 -0.118255526 1.4968473 0.4215766 0.09019291 2.5370715 0.563332 -0.13026549 -0.91008955 0.31375188 0.49274328 -0.92642593 -1.3341328 0.18613401 -1.1263276 0.20417146 
-0.37049666 0.0027457795 -0.10239997 -0.16221198 -0.19429539 -0.16859485 -0.09436621 -0.24535401 1.0582349 0.076489314 0.023561839 -0.023587149 0.22883365 -0.25783318 0.03386835 -4.577435 0.22263291 -0.19146666 
0.6694741 -0.31770694 -0.25528997 -0.30785847 -1.4734191 -0.40537587 -0.6966674 0.95566726 0.2968927 -0.0047151796 -0.99819463 0.7175253 0.09648084 -0.039226778 -0.2032156 0.082419164 -0.41908607 4.4379168 
-0.8423728 -0.5780723 -0.017698813 -0.05100121 -0.42708948 -0.27224538 -0.43237785 -0.44013014 3.3288944 0.054473255 0.052826874 0.040490355 0.6795967 -1.1102139 0.48548666 3.1034527 -0.016499344 -0.04206434 
0.7428789 0.23494971 -1.2013427 -0.22759423 0.618004 -1.1291615 -1.0319737 -0.11043919 0.23543279 4.4285154 -0.19682665 -1.3101765 0.15105788 0.13118953 -1.3993709 -0.16783088 0.9269011 -0.550741 
-0.12981778 -0.04969966 -0.09620249 -0.029686602 0.47775102 0.08047004 0.16668685 -1.1599377 -0.14220576 0.015779687 -4.279741 -0.0661445 0.20947693 0.37925997 0.4998847 -0.019132622 0.117831536 -0.6332736 
-0.19620991 0.032240864 0.041686773 0.34655735 0.06809774 5.452285 -0.7758827 0.15314081 0.28999954 -0.095979124 0.012884661 -0.41791853 -0.47981048 0.71153295 0.016533459 -0.019379677 -0.011107074 0.18414375 
-0.06907601 0.021483019 -0.021754326 0.059140556 -0.11050644 -0.14362797 0.04456949 0.056965508 -0.066054665 -0.041700043 -0.007516513 -0.14628203 -0.0037051463 -0.07493696 -0.01310612 -0.0102969585 0.026791641 -0.0273099 
0.08349431 0.12902167 0.03668955 0.019310428 -0.00060813426 0.10652965 0.061022766 0.052846212 0.057325035 -0.02638127 0.021625577 -0.0027148128 0.118654214 0.06996412 -0.002675805 0.050255407 -0.005843058 0.05527874 
0.027690224 -0.026988674 -0.009462745 0.0024383345 0.018186586 -0.019231606 0.0073666093 -0.011423142 -0.0016891799 -0.024202509 0.008768184 -0.016468382 -0.006307756 -0.0058051157 -0.015333839 -0.012107651 0.008171371 -0.0053347964 
-0.024573905 3.729858e-05 -0.002986719 0.0024780645 -0.04205476 -0.070355274 -0.0049850866 0.008750055 -0.040961307 -0.00049221003 -0.0020084758 -0.021300664 0.027354728 -0.011406672 0.0033563457 -0.030186294 0.010190077 -0.039542347 

0.6450452 
-0.9549782 
-0.9105542 
2.107075 
0.83494204 
-1.4361306 
1.8854268 
-0.7886034 
-2.8728516 
-3.060667 
3.0909271 
-0.52417827 
0.77523124 
0.12923594 
0.48146302 
0.51315796 
-1.2704738 
-0.20344536 

-1.5153639 -0.5991416 2.6737947 1.6360744 1.4961746 0.3425112 -2.1820602 0.9970671 2.7110574 -0.004227559 0.050539535 4.226542 -2.4617095 -1.46205 1.2118754 1.6260129 -5.9112883 0.9553213 
1.7719204 0.9582415 -0.11874976 -6.7703037 -0.23793142 -0.9933599 -1.1500533 0.06472665 1.1169552 -1.128537 2.6525044 1.1850494 0.3355689 -0.5948502 0.42023778 1.4656918 0.14150198 -0.09859656 
-2.8328073 -6.414339 -0.20985088 0.11179935 -2.6746871 0.5549866 -1.804016 2.01575 2.0187514 -0.6310009 0.61367345 1.4079627 0.6938025 -0.37143433 -0.03247694 0.9304793 0.8910467 -0.93310124 
5.4540854 0.85212743 1.2609811 -0.55207396 -1.3212001 -3.3598537 3.244746 -0.8684746 2.5564716 1.1183254 -1.1005715 -1.5514992 0.04130923 1.4220682 1.4651599 1.0904579 -2.288298 -1.5490445 
1.8228117 0.74084973 1.0612301 -1.6555306 0.9883224 -0.9663643 -0.23256241 4.7485204 1.7585479 0.5429087 1.246179 2.1731706 1.5960549 1.7420754 -2.206783 -0.0005658027 -4.180526 -3.5246887 
-0.038411856 0.6071085 -0.37983528 0.86107904 -0.9246018 0.89478457 7.9355273 0.86636347 0.5087293 -0.73551285 -0.7970195 -0.17997046 -0.10108817 0.48142844 -0.23590255 2.1262138 0.026388854 -0.39008814 
-0.43024698 2.1574922 -1.1129631 1.6756393 -1.3335809 3.865878 -3.8660579 -0.47231662 1.9786446 -3.600246 -2.340793 2.186529 2.0246403 1.0903116 -3.2665405 0.4517147 1.8586885 -2.728492 
-1.5535644 -2.233413 -1.3819375 -1.1077422 3.8970428 0.47140968 2.9976187 6.1925125 -1.9608529 -0.42007363 0.16442098 1.3140488 -1.6008562 1.8562576 -0.9154651 -0.40935948 -1.356833 2.2726436 
0.12275925 -0.90097547 -0.432229 -0.17415716 2.1299946 0.5152016 1.1807204 -0.053267006 0.6744279 -0.6879543 1.6415942 -8.542436 0.7714812 -0.6755832 -0.6413151 1.65838 -0.07522875 -0.111119844 
-0.1104728 -0.7455958 -0.0960289 0.598656 6.279974 -2.4630885 -0.8579097 -1.0375106 -0.104154706 -1.1816003 -1.1557385 -0.5611375 0.9385071 -4.507479 -1.9022238 0.07088542 2.8025517 -0.3565597 
-0.26092786 1.7012643 0.5214861 0.56706893 -0.62096983 -0.49551484 -0.08593048 -4.8332353 1.6243289 -0.09581074 -0.10165471 -0.22519487 2.494817 1.7414265 -2.7307816 -1.7455328 -2.086105 9.483819 
1.1119567 -0.13586338 -1.5935414 -0.56349075 -2.537452 1.3055344 -3.1101544 1.7895168 1.5660291 -1.0629365 -1.6388167 0.28201082 0.20992793 1.8859918 1.6775085 -0.9719713 6.096288 1.156182 
3.3233707 1.3062667 -0.1080798 5.7875104 -1.3348621 -1.3999461 -3.1991503 1.7074547 1.2295603 -0.13585456 0.5077784 -2.3284295 0.34279984 -0.16091697 0.70546526 2.7906625 -0.8833308 -0.4140732 
-1.4157364 0.21873121 0.79980445 1.6721306 1.7354486 -1.2975451 4.3836527 -4.4086556 0.041929055 -0.7693168 0.19940716 5.8813453 0.8818399 -1.0190223 -1.5410272 0.21718842 4.4951067 -1.1288744 
-2.1822457 2.676208 1.60339 0.80765104 -3.2298973 3.0906892 0.43005309 -3.5286863 0.19618855 0.6038021 1.8002799 -3.9641104 -2.5055296 -2.5012972 -0.2716621 1.1828192 -2.9510057 -1.6857835 
-1.5787946 0.57410073 -0.2435689 -2.1380005 -0.00013861243 -0.45403847 -0.04946994 0.15783215 1.0180376 6.9647083 -3.537123 -0.07460799 -0.29023686 0.34614933 -0.30297366 -0.45406052 1.0141166 -0.35493594 
-0.7359311 -1.6797779 3.0507483 0.44513726 -2.7593887 -1.2936453 0.12970124 -1.0847279 0.6599107 1.1880746 -0.062168103 -0.8894393 1.6217794 1.5237314 2.6442318 -0.13956219 2.8854089 0.12760833 
-0.10143024 1.4766643 -1.6269472 0.5171841 -0.003877885 -2.195188 -1.3816222 -0.8909426 1.5643655 -0.3303631 0.77513826 0.9716003 -2.6374676 0.64480335 5.049142 0.1976243 0.3077996 3.106013 

-0.36814928 
-0.29840094 
-1.8327892 
-0.7937927 
0.19240862 
1.905992 
-1.2366475 
-0.70482343 
1.7840863 
0.22715174 
0.53617156 
-0.73458886 
-1.1927402 
-0.7342682 
0.48685026 
1.5100718 
-0.3560483 
-1.8610348 

-11.452973 1.9737928 -4.325103 -2.0004618 1.158821 5.260895 -1.513586 2.6647089 3.0179996 3.9962654 -1.602108 
-5.7857747 0.5445421 -17.951778 -3.6671493 -10.1085205 -3.0105593 0.8476026 -1.4591893 -1.8010033 0.5724696 -1.2060881 
-2.171556 -1.6426286 11.881935 -7.2126675 -10.579888 0.17291492 -6.4230967 -3.4499714 2.9502194 4.0364385 -1.0814023 
1.1135274 -17.612991 0.6646838 -0.58160955 -1.0767944 3.5696373 1.4665333 0.55259514 -0.05240998 0.050938845 -0.5509652 
4.557854 0.22414298 -5.9640055 1.0678478 6.3394322 1.4155608 0.3419368 0.9251234 13.862316 -1.2006327 0.13017187 
9.873322 0.53479016 -5.2579365 0.8332486 1.2197839 3.1571298 -4.9405165 2.9657772 -8.534625 3.76914 -2.0993874 
-0.032842584 0.31787258 0.08311513 0.12615715 0.023775378 0.2865878 -0.49768102 0.40554947 0.25453752 0.17975768 18.60908 
-1.5195856 -0.21397232 0.24699625 -3.1000154 11.370508 -1.6515322 0.01958519 -0.3948931 -0.8972992 3.989313 -1.8996313 
3.082077 0.49327293 -1.1323678 0.11261363 0.23558515 0.7341377 -0.8692162 1.7103468 -1.4992704 1.1272815 -1.3533596 
1.5866225 3.3505995 3.4731019 -3.4505403 -1.4336897 -20.662695 0.74580723 4.7903943 1.1664737 1.2085656 -1.8199489 
4.3916945 7.1748624 4.1096873 -6.1590133 -1.8047668 9.20541 2.8260014 2.203576 0.08226744 0.5491722 -1.533055 
1.1689976 1.4910047 -0.70138514 0.55408466 0.76675826 -4.3102775 0.8925654 -17.347622 0.30502135 0.34115425 -0.7917963 
-6.03929 1.4323877 4.685658 5.6129313 -1.0826452 0.99308777 -10.32922 2.6142945 2.02657 -3.245353 -1.7771361 
-7.089696 -0.85644335 2.367932 -0.6616877 5.980726 -1.6604779 -2.4427137 -2.6005197 -8.490858 -6.4884667 2.1292121 
-5.929639 0.8253931 7.3768253 1.5032209 -3.9267526 0.9064589 14.9480095 1.5221549 -1.6109394 3.3706825 -1.4769114 
1.6792475 -1.1282563 0.97384524 1.2548176 0.8936051 0.7369536 -0.06002388 1.6299379 -0.61968726 0.13815188 0.56641746 
0.39660123 2.5327215 1.3567222 13.769214 -2.2762184 0.25993696 2.6684124 0.006671472 -0.20862903 2.748787 -0.7505682 
2.309565 0.43669182 0.57109135 -0.5375642 -0.91275966 0.71348727 4.3259435 0.92187893 0.32454377 -16.61349 -1.1434016 

2.5119421 
0.32727006 
-1.204481 
0.5770054 
2.05161 
1.1440532 
-0.5948003 
-0.55292183 
0.920621 
0.053975128 
-0.73335326 
