/Dimension :

3
15 10 10 10 11 

/Code :

1.0 0.0 0.0 0.0 0.0 0.0 0.0 0.0 0.0 0.0 0.0 1.0 1.0 0.0 0.0 
0.0 1.0 0.0 0.0 0.0 0.0 0.0 0.0 0.0 0.0 0.0 0.0 1.0 1.0 0.0 
0.0 0.0 1.0 0.0 0.0 0.0 0.0 0.0 0.0 0.0 0.0 0.0 0.0 1.0 1.0 
0.0 0.0 0.0 1.0 0.0 0.0 0.0 0.0 0.0 0.0 0.0 1.0 1.0 0.0 1.0 
0.0 0.0 0.0 0.0 1.0 0.0 0.0 0.0 0.0 0.0 0.0 1.0 0.0 1.0 0.0 
0.0 0.0 0.0 0.0 0.0 1.0 0.0 0.0 0.0 0.0 0.0 0.0 1.0 0.0 1.0 
0.0 0.0 0.0 0.0 0.0 0.0 1.0 0.0 0.0 0.0 0.0 1.0 1.0 1.0 0.0 
0.0 0.0 0.0 0.0 0.0 0.0 0.0 1.0 0.0 0.0 0.0 0.0 1.0 1.0 1.0 
0.0 0.0 0.0 0.0 0.0 0.0 0.0 0.0 1.0 0.0 0.0 1.0 1.0 1.0 1.0 
0.0 0.0 0.0 0.0 0.0 0.0 0.0 0.0 0.0 1.0 0.0 1.0 0.0 1.0 1.0 
0.0 0.0 0.0 0.0 0.0 0.0 0.0 0.0 0.0 0.0 1.0 1.0 0.0 0.0 1.0 

/Parameters :

-0.05863422 -0.434303 -0.091081925 -1.8251522 -2.3181984 0.041550666 0.001197543 -0.002629398 -0.03801308 -0.8317739 
1.5062385 0.08574231 0.06805696 0.07917663 0.071460515 0.5720287 0.30882287 0.1830074 1.6602128 0.1243776 
-1.2892591 -0.07250209 -0.10841208 -0.069056414 -0.051995166 2.6855066 -0.547699 0.012783535 0.28350833 -0.121529974 
0.101560906 -0.42720598 0.34971523 -0.35994163 0.37609679 0.078419544 4.719911 0.08285899 -0.009649843 -2.902269 
1.1140412 -0.0060047004 -0.16147308 -0.070921436 -0.022857955 1.328718 -0.43481135 1.9159665 -2.254403 -0.10936227 
0.5306574 -0.122945726 -0.64676315 -0.11379942 -0.08895746 -3.0873551 -1.0880102 -0.7533021 3.2058332 -0.31739032 
-0.067944124 1.0168377 0.010038555 2.380601 1.4329853 -0.07994862 0.3354019 -0.04088516 -0.068680994 -1.3915181 
0.018108038 0.25066376 0.9417691 0.3479712 0.18348823 0.39177486 -1.5640075 0.27045244 -0.08022181 0.69770795 
-0.07810459 0.11014691 -0.024776082 -1.3975348 0.9115007 -0.017032895 -0.071495935 0.037161406 0.05351499 -0.24535619 
0.36943227 -0.023473324 -0.07141936 -0.11112953 0.0052299052 0.8242837 -0.31315383 -1.2669313 -1.7966422 -0.031754933 
-0.038247697 -1.3815099 -0.046075672 0.087652825 0.3440213 -1.873658e-05 0.18309893 -0.058892105 0.028566353 -1.057084 
-0.0054493877 -0.00073576334 -0.0026206165 0.00049749116 0.00095223007 0.008062795 0.008435614 -0.0047771786 0.009730795 1.1260505e-05 
-0.005233525 -0.008365899 -0.023150591 -0.00811508 -0.0021340519 0.017666588 -0.043049455 -0.0052140453 -0.010885423 -0.009090478 
-0.0004565816 0.0068822834 -0.0033338252 0.0026665349 -0.0015882993 -0.0051963488 -0.0032573636 -0.00024553423 0.010082557 0.0010426956 
-0.007988316 -0.0003208656 -0.0015049925 0.0074630952 0.0037666243 0.0017715502 0.011480552 0.003388974 0.012709681 -0.0039618136 

-1.0460833 
0.5033843 
-0.11052976 
0.53118443 
-0.42212987 
-1.38207 
-0.7498615 
-0.18453668 
-0.47472286 
3.0833395 

-4.6662984 0.29548866 -3.6475537 0.6587477 0.20225519 0.16479106 0.09666096 -0.07429401 0.28470123 1.9437978 
-0.15169689 3.0147052 -0.33857477 -1.7530255 -0.7459333 -0.55497414 2.3119204 3.1857433 -1.968543 0.24581788 
-1.2732501 2.820093 2.212852 -0.6691692 2.4101174 0.20626591 -2.6541722 -1.2493275 -2.1869812 -3.0024688 
-0.048984542 -2.385184 0.42068836 -0.15972209 1.0914272 0.10741142 1.2560542 -2.5086796 -1.625652 0.8772566 
0.102787994 -0.18849042 0.41951028 -0.42845377 1.4837346 -1.2322582 -0.49215952 1.1813612 3.2190578 0.0029139798 
-1.05329 0.15394749 1.0006565 1.427895 0.1741215 -1.4165536 0.7177237 -0.11888636 -0.21636665 -0.97952384 
0.40863743 0.006066359 -0.39740127 0.024593703 -1.3403033 0.37129852 0.657891 -0.7975979 1.0736723 -0.22055678 
-0.09873675 -0.4056446 3.5378034 -0.3264057 -1.0952854 -0.7644618 -1.0922656 -0.0015320934 -0.114790775 3.7619088 
1.6597633 -0.041652694 -1.2933522 0.81353724 -0.17508675 -1.4549998 0.028879594 -0.12014111 -0.44481838 0.41392255 
0.5931875 -4.252562 -0.23677866 -0.004677933 -0.80113345 -0.11056087 -0.41515115 3.1496215 0.68019676 -0.91580725 

2.2491932 
0.48198193 
-0.86367327 
0.13176635 
-0.6045999 
2.3059914 
-0.19620098 
-1.3051788 
0.61340725 
-1.0673658 

1.0143706 2.193662 0.9810314 0.5411712 -0.033870652 -0.7708471 0.7976573 -2.9706914 -0.8601899 -1.5548501 
0.20195861 1.1938083 -0.5468812 1.91929 -6.013831 -4.70922 -2.5384982 0.7333497 0.15944843 -0.21870871 
-8.722509 -0.24793875 0.54626197 -0.09280373 -0.0400069 -0.18315661 0.48222134 0.48108116 1.4248284 -0.31273067 
1.1381838 2.122533 -1.9032608 -5.415091 0.7897579 -2.3042068 -0.5395299 0.14168254 0.88548464 5.1903806 
3.5912297 -0.5076044 0.91479874 4.0017815 4.5291924 -0.9750651 -4.3230247 0.60919064 2.8708525 -0.6335116 
1.1700115 -0.8362864 2.5184093 -4.359842 -1.3876488 -1.1467686 -0.16128527 3.5995665 1.7979143 -4.5017543 
2.227266 -3.508262 0.7760885 0.7075733 -3.3029342 3.1985736 4.2994604 -1.3749529 3.398378 2.9776008 
0.10828976 1.9530469 -2.0521574 1.0990347 -1.1279804 5.169321 -0.3623116 2.0549908 -0.4061225 -0.4849231 
0.5016105 -0.9377017 -3.1709828 1.6084616 3.32524 -2.923653 5.364099 1.139452 -0.4826727 -1.2817833 
-1.6788793 -0.14236033 1.5570781 1.1550853 -0.16542348 -0.4179466 -0.2967222 -0.6587587 -7.7205334 0.62722415 

0.26776344 
-0.5979827 
0.1942515 
-0.6175742 
1.7415957 
2.455051 
-1.3786483 
-1.818408 
-0.5148353 
0.13557789 

1.3610593 7.2040696 -7.5243006 -0.4025242 -14.084709 20.226625 0.7809943 -1.1233304 -0.6955655 8.197539 0.5417872 
20.563374 -1.6321441 8.257346 -2.3437455 -13.26248 7.742792 -19.375702 8.039035 14.577152 -16.631594 -1.8494394 
10.166577 -13.141298 -9.869523 -2.3357458 0.09646784 5.094329 14.186754 -0.89518833 -24.162363 -10.299017 1.7447251 
-17.532036 1.1030971 -1.8957739 0.6079427 -1.6564858 -0.6275982 23.42893 7.8570967 17.52287 -4.7610774 -3.8720195 
-17.316616 0.19897236 -1.2958752 -2.2753687 -0.151044 -1.5415504 -11.251003 8.822787 -2.816365 -1.5182005 28.20962 
-7.0021024 -0.59322995 -0.41951948 -5.844186 1.6776563 -0.8484645 -6.721855 3.1696298 -5.738599 2.1580908 -23.38898 
-13.064873 -10.592967 5.0704503 1.3074793 4.038238 10.402529 -7.1236973 -30.748165 4.390658 -1.7523382 -3.4392872 
8.603801 0.6778232 -18.705551 -0.2690198 17.211012 -15.007234 -8.792253 1.8468657 8.077024 11.509033 -1.6228291 
-1.077981 -5.3620577 12.084537 0.58833617 -11.0470915 -21.173773 3.7614176 0.4318326 -2.9696977 12.996955 0.1640787 
4.005122 22.221725 18.411098 -1.25189 10.138241 -2.0313575 6.582833 -3.5011857 -7.0233326 1.9469733 0.28378138 

5.4840074 
0.039524257 
-2.0018568 
6.1125607 
3.4985092 
-1.1711239 
2.14419 
3.0300846 
-0.42609462 
-0.79696786 
1.6429718 
