/Dimension :

4
15 12 12 12 12 11 

/Code :

1.0 0.0 0.0 0.0 0.0 0.0 0.0 0.0 0.0 0.0 0.0 1.0 1.0 0.0 0.0 
0.0 1.0 0.0 0.0 0.0 0.0 0.0 0.0 0.0 0.0 0.0 0.0 1.0 1.0 0.0 
0.0 0.0 1.0 0.0 0.0 0.0 0.0 0.0 0.0 0.0 0.0 0.0 0.0 1.0 1.0 
0.0 0.0 0.0 1.0 0.0 0.0 0.0 0.0 0.0 0.0 0.0 1.0 1.0 0.0 1.0 
0.0 0.0 0.0 0.0 1.0 0.0 0.0 0.0 0.0 0.0 0.0 1.0 0.0 1.0 0.0 
0.0 0.0 0.0 0.0 0.0 1.0 0.0 0.0 0.0 0.0 0.0 0.0 1.0 0.0 1.0 
0.0 0.0 0.0 0.0 0.0 0.0 1.0 0.0 0.0 0.0 0.0 1.0 1.0 1.0 0.0 
0.0 0.0 0.0 0.0 0.0 0.0 0.0 1.0 0.0 0.0 0.0 0.0 1.0 1.0 1.0 
0.0 0.0 0.0 0.0 0.0 0.0 0.0 0.0 1.0 0.0 0.0 1.0 1.0 1.0 1.0 
0.0 0.0 0.0 0.0 0.0 0.0 0.0 0.0 0.0 1.0 0.0 1.0 0.0 1.0 1.0 
0.0 0.0 0.0 0.0 0.0 0.0 0.0 0.0 0.0 0.0 1.0 1.0 0.0 0.0 1.0 

/Parameters :

-0.11923129 -0.9097273 -0.31134558 -0.06547883 0.039398305 -0.44327456 0.55988276 -0.051814094 -0.048563555 0.31428057 -0.19824289 0.7393575 
-0.09489654 -0.37655407 1.3723819 -0.06342637 -0.17191188 0.7520547 0.76722103 0.19205368 0.13888803 -0.3422925 1.3201073 -0.15974861 
-0.13742761 0.28132662 -0.02429443 1.4455823 -0.2938489 0.26733288 0.20618388 -0.077131234 0.25112885 0.18713512 0.31132966 0.6371774 
0.32283187 0.04916492 -0.70919275 -0.28618267 0.06410552 1.708899 0.044792578 -0.1161222 -0.22609143 0.5526168 -0.2508532 -0.26035625 
1.0792834 -0.40612224 -0.286046 0.7446167 0.68266755 -0.048422296 0.108129516 0.91906834 0.25322983 -0.24129152 -0.12887089 -0.17527314 
0.14161567 0.29775262 0.10697692 -0.22722788 0.060283247 -0.073211215 0.332894 0.16665588 0.8198243 1.1135442 0.025895108 -0.09877425 
-0.14724386 0.23282541 0.050348446 0.1817535 0.09642595 0.25713953 0.50349075 -0.17836834 0.18060821 -0.47469574 -1.6177334 -0.044237055 
0.7478733 0.22952038 0.41975945 -0.676584 -0.19966155 -0.06103561 -0.13231447 -0.05904944 0.14842156 -0.25522673 -0.028197804 1.5850263 
0.5882609 -0.31264356 -0.08019618 0.054849375 0.1748765 0.29871407 0.013245304 -1.2736558 0.29162464 -0.18795367 0.22231781 -0.26392588 
0.4100941 0.24481261 -0.03883475 0.0149113685 0.79018116 -0.21932894 0.8621427 0.024610981 -1.078448 0.25128233 -0.06629288 0.04117083 
-0.025923058 0.039780226 0.045638066 -0.27744687 -2.1128528 0.017562818 0.1524224 -0.024936207 -0.17286763 -0.14761263 -0.6894612 -0.32212576 
-0.020657707 0.009093348 -0.048742767 -0.04321838 0.0058628726 -0.029373413 0.052441042 0.021141708 0.016645465 -0.011123236 0.06358524 -0.010981507 
0.0004928657 -0.0049315193 0.015952416 0.006738762 -0.000631566 0.0010083782 -0.0129470965 0.0046466016 0.003975492 0.014458716 -0.01467752 0.006692775 
-0.008310055 0.008790015 -0.04183472 -0.023784414 -0.036462992 -0.0059933676 0.022022681 0.0058024814 0.0014930565 0.0011800096 0.032970723 -0.023044812 
0.010546065 -0.0021675394 -0.018048437 -0.0073309015 -0.010397804 -0.02063926 0.019682974 0.009524031 0.0030446374 -0.011582826 0.0054144273 -0.019165628 

-1.3767709 
0.29463655 
-0.25325534 
-0.3897769 
0.46266216 
-1.17354 
-1.7802126 
0.20940195 
-0.31138057 
-0.37556705 
0.49720663 
-0.7989323 

0.23212895 1.2026033 -0.118025385 2.037873 -1.1188887 -0.42916277 1.7426748 -0.029542524 1.0088984 -1.1316488 -1.8051159 -1.5422037 
-1.3333778 0.73161733 0.38029322 -0.37103492 0.48455977 2.0585346 0.7133705 1.5553709 2.06588 1.838094 0.3938486 -1.4493954 
-1.7259755 -1.493729 -0.968184 -0.22711591 0.5972788 -1.3241198 0.617455 -0.5839583 -0.5833283 1.7741666 -0.91753465 -0.85271966 
-0.5190435 -0.935135 -0.47811332 0.85785306 -0.7746202 0.39843836 -1.9910531 0.9084261 0.05894266 -1.3980672 -0.040185526 0.34788886 
-0.2730849 0.7444598 -0.35256416 0.71847725 2.1039703 0.116906285 1.3132844 0.74413574 -0.3467842 -0.9590008 1.9236885 0.38821256 
-0.8344701 2.2002447 -0.094342865 -1.1112527 -0.37170807 0.9161835 -0.9153065 -1.2068636 -0.46569335 -0.4483332 -0.8824351 1.4395624 
-1.0926739 0.1630862 -0.43147674 1.0299451 -0.52967983 -0.4382864 0.04681694 0.60952926 -1.1811386 0.7836285 -1.5783898 1.5114075 
-1.5584056 -1.5621744 2.5767305 -0.3695384 -1.0723288 -0.6763927 -0.13752258 -1.008618 0.4924637 -0.7841794 2.1941078 0.2447704 
-0.22487883 0.342616 -1.3821738 -2.8159025 -1.5539832 -1.682734 0.35988602 0.10297841 -0.63700044 -1.6111135 0.8749896 -0.15629244 
0.90057015 0.46048683 1.2752593 0.10989577 1.5255034 -2.5831196 -0.9035875 0.79755193 1.306111 0.78240186 -0.9662891 0.16262026 
-0.075290814 -0.51352876 -0.8758837 0.40535048 0.49662358 0.13194576 -1.3499305 -0.9662819 1.1886731 -0.33062464 -0.47888416 -0.15577321 
1.0218011 -1.0060622 0.3285501 -1.0071325 0.13514158 1.0921663 1.0417589 0.3642376 1.5325519 -0.08199778 -0.30910715 2.7431753 

2.7038016 
-0.15665282 
0.06534677 
0.3757532 
-0.013812209 
1.172144 
-0.27768987 
-0.62389433 
-2.2439559 
0.76053953 
0.78032357 
-1.367782 

-0.7765735 0.1333473 2.7152066 0.9477238 -0.014185678 0.17270912 0.9719726 -3.6669564 -1.2850943 -2.2671907 1.5813556 2.594159 
4.5038257 0.6095336 -1.6465337 0.72314537 1.1427572 0.58897984 -1.4003525 0.086030684 0.26813224 0.47166634 0.9731991 0.0030015893 
0.45710912 -3.3200595 -0.45580566 3.2569892 -0.3082455 0.7884633 -0.658636 -0.8780234 0.28293067 -1.1929148 -3.2885268 0.099918455 
0.5650492 -0.5717571 -1.6959312 -0.978676 -0.9069429 -1.8500018 3.1564655 0.024045829 1.5439631 -1.2598311 -0.0861758 1.5086324 
-0.16868982 2.4145145 -0.22623968 2.0645301 -2.1375358 0.302651 -0.22212696 0.7060049 1.6243322 -2.048216 1.2121387 -1.6125371 
-0.681984 1.0896752 -1.4207692 1.7933291 1.1407154 0.70453566 3.9349136 0.27791882 -1.7091253 2.084282 0.57919383 -0.4894821 
0.06379402 -1.6518471 -1.6369239 -2.2704701 -2.4508429 1.7286288 -0.55270445 1.2073325 -2.1438272 -0.27789226 0.8659748 1.1872807 
-2.0743408 1.1325134 -0.17310399 -0.43447736 4.2689857 -1.2405654 -1.4531553 3.1746428 -0.1214144 -1.3368601 -0.3264701 2.4726768 
-1.1259764 -0.9369418 -0.23723222 1.9214895 -1.3196307 -3.8770514 -2.259706 0.48737162 -1.6852547 1.9365497 0.87067413 -1.6013588 
-0.49936858 -1.0929539 0.52018356 -0.3130247 1.4605864 2.234399 1.0671544 0.77327484 0.5879002 -1.3974203 1.4081954 -2.139154 
-1.2054487 1.8047786 -0.8267625 0.73337305 -0.70727384 2.648707 -0.45781863 -0.24762183 0.6867029 1.1676292 -1.2469945 0.5944976 
1.9120717 1.3512796 2.984396 -1.2448336 -0.79698503 -0.06837153 0.7029128 1.433249 -1.4375468 -0.77253246 -2.7448435 -1.2389665 

-0.51418316 
-0.46954894 
1.0744088 
-3.0722525 
0.2533264 
-1.0374662 
-1.3975755 
-1.645347 
1.684623 
2.408181 
0.112470955 
-0.6926867 

-2.6218858 2.4633718 3.03058 1.7835513 -0.44229788 -0.9911376 -0.3837032 2.5232847 -2.9062793 -0.75324434 0.82121944 -5.345491 
-2.7500324 3.9333277 -2.2252572 -2.3439615 5.0559726 -3.6969326 2.8832781 -1.9255035 0.81460637 0.8422737 -2.7463057 0.6514236 
0.07253022 0.67818207 -2.607851 3.2500927 0.3525266 1.6373808 -2.301863 1.9556783 0.4976377 2.7338815 -3.9352334 1.1017509 
-3.8497047 -3.8118749 -1.1131219 -0.02556125 1.3533204 2.2758746 1.2983369 -0.9242865 4.601368 -0.895094 1.925147 -2.6474807 
1.1021435 0.41048208 -1.361958 -4.7359066 -0.29857227 5.457559 4.1628537 1.7969862 -3.1209497 0.9072151 -2.3077755 -1.3095522 
-3.1417599 -2.5355086 -1.9515554 2.61546 -3.81389 -1.8301898 2.8338442 -0.7904033 -4.167117 3.2041583 2.1971986 2.7162552 
-0.16866516 0.6443763 1.0287086 1.3655666 -0.98695785 2.4409535 -1.2314959 -9.4865055 -0.32950565 -2.831604 -1.2762357 0.35741115 
-0.24543731 -2.9231358 -0.28138268 -0.14749034 5.359314 -0.11146636 -0.38713163 3.4108303 -4.5335293 -5.8756866 0.28425935 2.7534113 
-1.4364836 2.8775263 1.0628161 -4.465638 -4.022584 1.2438774 -3.6052513 2.7570186 1.9437685 -0.88093686 2.0159562 3.9576066 
2.0072067 -0.86992335 2.264997 -3.1028175 3.110725 -1.9190692 -2.0744433 -2.6220183 -0.8251785 4.965127 2.9056218 -0.23431931 
3.5508761 2.1851015 -5.1089334 0.72639227 -1.6366465 -1.2733394 1.37408 -0.015203875 2.1524045 -2.528877 3.7119036 -1.3861864 
2.0837493 -0.33214206 3.7936711 0.6765768 -1.95368 -1.9365537 3.9102123 0.24209937 1.8161474 -0.77376515 -2.7565525 0.9632754 

2.6909666 
-1.3055499 
1.7598883 
2.1311064 
-1.0650972 
-0.6088664 
-3.2280388 
1.4017689 
2.037774 
1.0045668 
-0.4126594 
-0.79364204 

-8.309069 0.1765131 5.760335 -17.68158 9.18829 4.150244 -2.229663 16.499609 17.133848 -1.4669203 15.38008 
6.159519 13.21688 -0.24958362 6.5107036 -3.4689102 -4.509023 -2.7959585 -13.802231 18.489109 -0.5764179 -5.021722 
2.564671 -0.46449763 0.093001045 6.6638145 24.841448 -3.3075318 3.7606356 -4.3640447 -5.3282313 5.5507116 1.3284178 
16.954432 2.9148238 -12.560429 5.79428 -6.212164 -4.1986756 -0.4608124 16.340889 -3.8264139 2.874831 -1.7680993 
-4.4711323 2.6582236 20.701971 4.203947 -3.6223376 -2.3701265 1.460666 9.903654 -3.9655344 0.92732185 -13.901862 
1.5049368 -0.7065957 10.982892 4.4909763 -9.533737 -3.8830855 0.093203075 -7.7665486 -8.744761 8.908204 20.34896 
-2.7689204 -23.103924 -3.9795947 3.2235138 -4.9018903 -2.6659377 14.475894 -4.098393 8.251702 -1.4747154 -5.4035296 
2.4196553 0.18432279 -0.13713622 2.0597217 0.65553457 23.975422 1.1294982 -0.9179106 -0.68369657 0.7715265 -0.8231089 
1.8212368 -11.644084 -0.69217134 -4.235206 1.6006008 0.2723069 -24.783705 -4.7113185 -0.15830226 0.8903507 -5.3763075 
0.7767075 2.1241052 1.0666875 1.2758974 1.3432071 -3.9327493 -0.31629682 -2.9385874 -4.9855433 -25.449537 4.61532 
-21.47421 7.7280526 -12.879998 5.923844 -4.0953565 -0.92084336 -2.4573858 3.9704444 -4.7941337 2.082999 -1.4595252 
3.880361 5.7024393 -3.6302702 -22.31873 -1.2655163 -0.6103609 6.482811 -9.031189 -9.88333 2.5483596 -8.1254635 

0.3726018 
0.5509225 
-2.2363322 
2.0090182 
-2.1576366 
-0.8064924 
2.709651 
0.60551274 
-0.621813 
2.1231737 
0.10967591 
