/Dimension :

4
15 13 13 13 13 11 

/Code :

1.0 0.0 0.0 0.0 0.0 0.0 0.0 0.0 0.0 0.0 0.0 1.0 1.0 0.0 0.0 
0.0 1.0 0.0 0.0 0.0 0.0 0.0 0.0 0.0 0.0 0.0 0.0 1.0 1.0 0.0 
0.0 0.0 1.0 0.0 0.0 0.0 0.0 0.0 0.0 0.0 0.0 0.0 0.0 1.0 1.0 
0.0 0.0 0.0 1.0 0.0 0.0 0.0 0.0 0.0 0.0 0.0 1.0 1.0 0.0 1.0 
0.0 0.0 0.0 0.0 1.0 0.0 0.0 0.0 0.0 0.0 0.0 1.0 0.0 1.0 0.0 
0.0 0.0 0.0 0.0 0.0 1.0 0.0 0.0 0.0 0.0 0.0 0.0 1.0 0.0 1.0 
0.0 0.0 0.0 0.0 0.0 0.0 1.0 0.0 0.0 0.0 0.0 1.0 1.0 1.0 0.0 
0.0 0.0 0.0 0.0 0.0 0.0 0.0 1.0 0.0 0.0 0.0 0.0 1.0 1.0 1.0 
0.0 0.0 0.0 0.0 0.0 0.0 0.0 0.0 1.0 0.0 0.0 1.0 1.0 1.0 1.0 
0.0 0.0 0.0 0.0 0.0 0.0 0.0 0.0 0.0 1.0 0.0 1.0 0.0 1.0 1.0 
0.0 0.0 0.0 0.0 0.0 0.0 0.0 0.0 0.0 0.0 1.0 1.0 0.0 0.0 1.0 

/Parameters :

-0.50759727 2.7973337 0.052744307 0.11594816 0.10811227 -0.00766603 -0.4618485 -0.25277194 0.13628641 -0.25436836 -0.00039090356 -0.4315291 0.32852405 
-0.73019356 -0.836301 1.1427847 -0.173864 -0.084270105 0.12369929 -0.05910347 0.9408412 0.80392367 0.47579497 -0.5651344 -0.703137 -0.92956966 
0.16473214 0.27571812 0.09159744 -1.3451924 -0.9015243 0.046098948 0.40763628 -0.098557785 -0.86756533 0.5241387 -0.44408014 0.3203646 -0.13613941 
-0.33182937 -0.048692998 0.840419 0.3839959 0.06397054 -0.6162042 0.0867289 0.45551762 -0.31536642 0.10105899 0.16443849 0.10126597 1.1440759 
-2.2643187 -0.20459512 -0.5795113 -0.0367198 -0.0844678 0.3420397 0.9077882 0.42107415 -0.07559653 0.025946924 -0.10806576 -0.4868396 0.3663837 
0.23339906 -0.0065977597 0.016365256 1.6659701 -0.68653303 0.20254886 0.07101083 -0.0905728 -0.29752135 -0.12247878 -0.5069547 -0.037117127 0.11106499 
0.34679788 0.7739493 -0.62978715 0.48325044 0.92626923 -1.7501405 0.8875219 0.10701523 -0.023998646 0.66595757 -0.67628014 0.16874301 -0.6023976 
-0.12691557 -0.0995991 0.056032136 -0.2450155 -1.5001429 -0.91244715 -0.11628658 -0.15819187 0.7057937 0.13307893 1.0304005 -0.293132 -0.05545671 
0.13103306 -0.1766016 0.33611372 0.47906676 0.42226425 -0.102739535 -0.0008295039 0.2819294 -1.3844665 -0.024811642 0.6801264 -1.3905481 -0.5416211 
0.4370232 0.037097704 0.3450584 -0.04722744 0.3807188 0.17793383 0.44051585 -1.9435357 0.46645707 0.11164039 0.05544684 -0.46912694 0.5674417 
0.9329103 0.506258 0.42085376 0.03559576 -0.0072142165 0.11104879 1.0457376 0.17783327 0.08919146 -1.4066299 0.18691732 0.13171844 0.0034257586 
0.017683286 -0.1578898 0.0052650776 -0.10263577 -0.023609934 -0.022540856 -0.15742815 -0.08068328 -0.147321 -0.15029953 -0.12101748 -0.105159774 0.006849349 
-0.095846616 -0.039911054 0.031140218 0.066136494 -0.031374678 0.023152485 0.019538553 0.009069861 0.00092780497 -0.03245921 -0.019822871 0.048424583 -0.004267205 
-0.20512193 -0.124313034 -0.061280806 -0.012778671 -0.01181863 0.03270287 -0.027452543 -0.027933931 -0.009150865 -0.07800592 -0.024052737 0.047791358 -0.007099521 
-0.00023435819 -0.17978804 -0.091169 -0.095421955 0.0071176267 -0.11455056 -0.0042153397 0.004143236 -0.015392967 -0.13798845 -0.14596678 -0.02256313 -0.03619759 

0.30047908 
-1.7414205 
-1.2292721 
-0.8842029 
0.5084888 
0.6632537 
-1.4070145 
-0.3427483 
0.1971357 
-0.45137897 
-0.33081305 
0.94437075 
-0.45396328 

0.40510383 -0.48707286 -0.1790359 -0.5337824 1.0424073 -0.79854625 0.14308982 1.3070486 0.2434485 1.1879407 1.2078824 -1.2551378 0.1554552 
0.4046471 -0.533063 0.006390529 2.9955857 0.011030856 1.8003786 0.5411233 0.16918688 0.14340176 1.0966114 -0.865972 0.36597833 -0.7956982 
1.1137276 2.027026 -0.8745537 1.2654356 2.2849774 -3.1180973 1.4714267 -0.4580181 -0.60336757 0.34076136 -2.1392782 -0.96089005 -1.1032948 
0.32508466 -0.42107323 -0.080000825 -1.2065676 -0.70823807 0.6961132 0.35795236 2.001593 2.3763175 -0.47452542 -0.90162295 -0.4907092 0.79642934 
-1.5422742 -0.8102163 -1.069409 -0.6437821 0.714865 0.87355626 -0.3764255 -2.1879654 -0.17232463 1.3988281 -0.541793 -0.88407654 2.2572157 
0.22400951 0.5398557 -2.1902325 1.148382 -2.1255553 -0.6983551 0.1881793 0.2957846 -1.162868 -0.6838595 1.5987594 0.18960145 0.99865574 
-1.6978213 -0.083257645 -1.2759858 -0.48255742 2.1350908 1.0979582 0.2299887 2.0789268 -0.7756244 -0.42151448 0.22397752 1.5047358 -1.1444544 
-1.3179845 0.89745396 1.4721993 -0.46375263 -1.0291288 -0.5001301 0.41478485 0.50991267 -0.712894 0.4832261 -1.6692828 0.56918633 0.9654283 
-1.5241035 2.3126736 0.1782769 1.461663 0.8955661 0.24303788 -1.1391646 -0.7892966 1.9440991 -1.0902873 0.58475894 -0.95475113 -0.50498134 
1.1598071 -0.41104564 -0.18281512 -2.5489123 -0.75236464 0.85975623 0.14624478 -2.093481 0.4519005 0.29182944 -0.98101556 1.7793392 -1.2919574 
-1.8540823 -2.9474924 1.2446951 0.4407074 -0.79574585 -0.949608 0.50624317 -1.4528464 -0.8599161 -1.4572383 0.7336718 -1.5969331 -0.12852044 
0.12843685 0.90702486 1.7221346 -0.25819406 -0.13793525 -0.032823555 -1.9843473 0.37651628 -1.4915355 1.3465551 -0.20115857 -0.5838935 -0.23792483 
0.72562593 -1.4389511 -0.24447818 -0.14224325 0.40170103 0.016032636 -3.0123196 0.34596953 -1.1655574 -2.0320072 -1.5331478 0.16541846 1.6211349 

1.2555599 
-0.24568038 
0.40757182 
-0.3193292 
-1.4903526 
-0.118315466 
0.3994449 
-0.26258785 
0.36706263 
-0.3151014 
1.9850147 
0.7230211 
-1.0344933 

-3.099848 0.21574648 2.9242368 1.1253519 -0.899112 -0.6988195 -2.4957678 -0.30354077 -1.5031044 0.5781791 -1.707273 3.6883109 1.2876313 
-0.3408914 -0.3437051 -0.64251757 3.0218148 -0.4159225 2.0842593 -2.2784865 -0.25688875 0.6836573 0.15161225 2.561494 -1.4306252 0.3396031 
-0.8185277 -2.145452 -1.0884745 -1.3571446 0.2230894 -1.9032729 2.0464275 -1.937275 -0.27543402 1.5717589 2.3724802 0.5533028 2.3216116 
-2.741546 0.18511626 -0.6583405 -0.63787544 1.887418 0.622735 -0.40642324 1.0478554 -2.536529 -0.10359879 0.8530666 -1.9879849 0.9680878 
2.5345366 -0.9833361 -0.39466205 -1.5599681 -1.8617074 -0.10344278 -0.37706846 1.6816337 0.035158962 0.99168336 -2.682093 -1.5539178 1.542504 
1.2002124 1.9009814 -0.83638537 -0.6447915 0.84381115 -0.40374333 -0.3695434 -0.5279648 -2.3249102 1.3852892 0.21595149 -0.0837769 -1.3464911 
-2.1936843 0.59561443 0.35917565 1.6184487 -1.4103141 -0.9735598 2.956045 1.7565006 -0.63422567 -0.77949744 -0.1869449 -1.0217739 -1.681633 
-0.7057274 0.7437231 4.257388 -1.2514306 -1.3756704 0.30377176 -0.4471667 -1.233123 0.87187773 1.4608449 0.88164634 -1.6034803 -1.1474649 
3.0222173 0.23910284 1.7542126 2.1264534 -0.38168865 -2.2134256 -0.09718457 0.7434751 -2.2728417 -0.11108846 1.3231499 1.0389222 -0.1254839 
0.04980006 -1.310259 -2.6515074 0.09811285 -2.2186084 3.4119196 1.0121108 0.05384872 -0.20556426 2.466939 0.077145785 1.563667 -1.8693564 
-0.29452866 -1.8203697 -0.5527439 -1.2597939 2.6454709 -1.1652464 -1.6939824 1.4472568 1.1589911 -0.55926204 -0.1710515 0.8833023 -3.0635455 
-0.26510754 2.6356146 -1.0581721 1.5213189 2.0744398 -0.9791987 0.04503892 -1.1855526 1.8089912 1.6911306 -1.3958299 -0.75434196 -0.0946438 
0.21595515 1.2393374 -0.3108547 -0.43529636 0.16089575 3.378467 0.78851604 -2.3763204 -1.5724435 -3.494457 0.26044598 0.40549535 0.43155298 

1.0811571 
-0.9188707 
-0.6629606 
-0.8881001 
0.3509225 
-0.56117153 
0.8348199 
0.14950645 
2.9449575 
-2.325443 
-1.341111 
0.25242865 
1.1203331 

0.31265265 -6.3547187 -3.0716796 0.22980075 -3.9652371 2.2402813 1.6866149 2.3906548 5.468187 -4.5800095 -1.5231068 -1.4239206 -2.0268414 
-2.6520073 -1.8015406 -1.777566 -1.9626713 0.95396525 -0.17524032 4.3875237 1.8261204 -0.51785177 3.6977012 0.12434285 2.6844385 -0.005661127 
-0.3956774 2.9653046 -0.8675526 1.103643 -3.055395 1.3208354 -1.0504173 -0.7213988 0.21226968 -0.04914431 -0.91821516 8.71465 2.1210518 
-3.3502212 -0.85129786 2.1677265 1.3265083 4.0684123 -2.4262004 0.65659225 4.21526 3.82002 0.8867371 2.206418 2.892122 -2.6116164 
2.0731466 3.1204822 0.6457561 -0.25568792 -1.0753543 -1.2597554 4.9129753 2.273463 -1.8065919 0.37413067 -4.1440287 -3.2760623 -0.3446681 
0.63695157 1.2321327 -7.8758516 -2.6511242 1.8873484 0.45532757 -1.4783863 -3.4217763 0.1198271 0.83416563 3.9390378 -1.9442987 -1.9541032 
-1.7218004 -3.7657902 3.4733279 -2.6839721 1.7411191 0.7255891 -0.67858505 -3.281741 1.514536 1.4354192 -2.0659428 -2.2538395 8.039336 
-0.1658918 0.47305137 0.13581924 4.9049406 -4.186465 -4.011858 -2.007799 -0.44272035 1.3314834 2.445926 2.799876 -3.0788667 0.9821551 
-4.722525 2.9245656 1.4401417 2.736081 1.1540867 1.5580027 2.1255527 -1.928069 -1.7599629 -5.7974143 2.1902678 -1.3922007 0.02642333 
1.8960263 -7.1419964 2.0741596 3.5225205 1.0190701 0.7799134 -0.7891523 -2.9100618 -6.5921974 1.9993699 0.3161946 2.1164994 -3.056733 
4.351828 1.3177018 3.01491 -1.4257443 2.0263174 -2.56638 -0.8597222 -3.2412822 4.317581 -1.9816773 -3.1842406 2.9056258 -3.8928144 
2.6222522 -0.011912242 -1.2258443 -2.0823379 1.5254406 -0.719979 -3.7804174 6.9844837 -2.7748854 -1.9741288 1.4212698 1.262926 2.4561336 
-2.0437884 2.9715111 2.1155808 -0.25634626 -0.81918085 5.9321475 -3.6370122 2.1877499 0.8689779 3.122026 -2.9109955 -3.5291996 -3.820675 

1.575303 
1.102505 
-0.39420575 
-1.7814175 
-0.97296566 
-0.9452493 
-0.13614976 
-1.8255576 
-1.2121867 
-0.5706314 
0.9237314 
-1.4001182 
1.7080027 

5.3728666 -19.078829 -10.484208 -17.017391 -15.957472 -3.9635096 6.4345016 2.5809999 -14.091921 -5.061812 1.7124447 
-3.301866 -2.6488867 0.5085943 3.664358 -1.1922328 -0.22177516 -28.076843 0.99175334 -2.6793776 1.4715431 3.5360813 
0.5436097 5.515216 3.9853632 -0.06577142 0.7927388 -1.764821 0.6080188 23.127514 5.7751956 -10.131477 -6.377478 
-6.9374366 7.7381845 13.219367 -5.0994477 -3.5122216 -1.5443316 2.6424403 13.963453 -6.774468 13.185436 10.500477 
-0.9253549 9.370958 11.177357 -2.6970859 -1.513045 -5.1098967 -1.7794896 -11.149469 -3.5240533 -26.220291 -13.141367 
-10.599999 -10.497194 0.38182035 28.73014 6.667586 -1.4585426 8.735791 0.057093337 -7.4293633 -0.6536646 5.364375 
-1.909031 -3.2692473 0.69808483 -11.108183 28.280005 -2.0654457 3.5266562 -7.2989264 -1.267665 3.3456812 5.202978 
-0.91017485 -2.269821 -1.6319085 2.2976527 0.26075122 -0.34541148 0.46739793 -0.23624484 -1.6359109 15.519316 -28.988731 
-7.1587114 17.030516 -26.30388 2.0577269 -2.5846028 -1.1979564 1.5858147 1.1795347 4.109077 2.2232223 4.5025926 
28.542109 7.804092 5.780881 9.674576 4.289514 -0.734942 -1.2447009 -1.938156 6.563965 6.018362 4.5834208 
-6.4239326 7.6678553 10.315988 -2.5152187 -10.145026 -2.4065163 2.870299 -17.421171 6.998394 7.9385676 5.553931 
0.534414 0.3077994 0.40940517 -1.181712 -1.1254021 27.331148 1.1826965 -0.6664032 -0.27109388 -1.8870828 -0.65688735 
-6.516035 -12.404278 -1.912076 -2.8185418 -3.7710655 -1.6154729 2.070284 2.8928487 24.874353 -2.0459478 0.67808825 

3.9975176 
-2.1622353 
-2.108473 
-1.6025333 
-1.4199427 
-2.3928158 
1.7363876 
-1.7358758 
-4.207189 
-2.181551 
4.078536 
